0
1
4
3
21
0
0
0
7
12
13
14
16
3486
0
18
9
3495
19
20
17
0
10
23
24
26
27
25
22
31
0
0
29
34
0
36
0
38
42
47
39
41
0
43
44
30
45
58
0
48
49
0
40
52
53
56
55
69
0
3512
64
0
50
57
59
51
60
71
0
0
63
78
65
66
67
70
0
0
72
61
0
0
75
68
76
77
0
0
74
80
81
82
83
84
87
85
86
79
89
90
91
94
95
96
97
99
100
0
102
114
0
103
0
129
105
107
108
98
0
101
118
112
124
0
116
117
111
113
120
121
122
123
125
104
126
0
128
143
130
131
132
119
134
135
136
137
138
139
141
0
127
0
142
0
144
154
146
147
148
0
149
150
151
0
152
153
0
145
158
157
159
160
161
162
163
156
166
167
168
169
164
170
171
172
173
174
175
176
177
178
179
180
181
182
183
184
185
186
187
188
189
191
193
194
195
266
197
199
200
201
202
203
205
204
192
207
208
209
210
211
213
214
215
0
216
0
218
219
220
221
222
223
224
225
226
227
231
228
212
229
230
238
232
233
235
236
237
0
240
241
242
243
244
245
246
247
248
251
249
254
252
253
256
234
258
259
260
261
262
263
264
0
267
268
217
269
270
271
272
273
274
275
280
276
277
278
279
281
282
283
284
285
286
287
0
239
289
0
290
291
292
322
293
294
250
295
296
0
297
298
265
300
336
301
302
303
304
307
308
311
312
313
314
315
316
317
318
319
0
320
339
323
324
305
325
326
327
328
329
330
331
332
333
335
337
340
341
309
343
344
345
347
379
310
348
349
350
351
352
353
354
356
357
358
359
360
391
362
363
364
346
365
367
0
368
370
371
334
373
0
375
376
0
378
381
0
382
383
384
385
386
387
388
389
409
392
377
393
394
395
398
399
400
401
402
372
404
405
355
407
408
431
412
413
414
415
416
417
418
419
420
421
422
423
424
425
519
427
428
429
0
0
433
434
435
436
437
466
439
430
440
448
441
442
443
0
445
447
449
450
451
452
453
454
0
455
458
459
460
461
462
432
463
464
465
467
0
468
469
0
494
470
471
495
472
473
474
475
476
478
479
480
481
482
483
484
456
486
446
489
0
0
491
492
534
493
496
497
499
501
502
503
504
505
506
542
508
507
509
511
512
513
514
515
516
517
518
520
521
523
524
531
525
552
527
532
529
535
536
537
538
539
540
541
500
544
575
545
547
548
549
0
550
553
576
546
554
526
556
559
560
561
562
586
563
0
597
566
567
568
569
570
571
572
573
574
578
580
577
581
582
583
551
0
584
585
634
587
588
589
590
533
591
594
595
564
598
599
600
601
602
682
0
603
604
0
605
606
607
608
609
610
611
616
613
615
636
617
618
0
621
645
596
623
625
626
0
628
629
630
663
0
579
633
614
622
638
640
641
642
643
646
648
0
650
680
700
653
699
654
655
656
657
658
659
660
661
703
665
0
735
669
635
592
672
673
675
647
649
678
679
746
681
0
683
685
686
687
730
705
688
689
0
706
668
0
0
691
674
0
693
696
697
698
752
701
702
704
662
708
627
741
0
742
740
712
713
710
692
715
716
717
722
671
723
0
720
750
0
728
729
0
684
0
731
732
733
709
760
707
711
802
739
769
694
763
719
0
721
743
0
744
0
771
0
726
747
718
727
724
0
776
0
754
755
0
798
734
762
757
738
766
756
736
836
0
764
765
767
768
774
773
815
745
0
772
780
0
782
783
784
785
786
787
753
789
790
0
781
792
0
0
793
794
795
796
797
0
0
799
800
801
0
0
833
804
0
803
807
0
749
725
841
810
0
0
845
778
839
812
814
816
817
819
821
847
822
823
824
877
826
0
827
0
828
829
830
832
805
0
834
835
808
837
838
777
840
0
0
843
844
0
888
813
848
849
883
852
853
850
0
856
857
859
860
831
863
861
864
0
865
0
867
868
870
872
873
0
875
876
0
911
881
882
0
884
885
887
889
890
891
854
855
892
893
894
895
0
896
898
0
0
842
0
871
900
0
0
906
907
908
0
874
0
910
904
878
964
914
0
915
917
918
920
921
919
922
925
926
927
928
929
899
930
931
0
0
934
903
879
937
938
913
0
943
932
909
945
0
0
947
948
949
950
912
954
916
956
1039
957
958
959
960
961
962
963
0
966
0
1044
967
0
968
969
970
971
972
973
965
976
977
980
981
953
1057
975
1037
984
985
987
979
0
0
990
991
993
0
995
996
1000
1001
1002
1003
924
1004
923
1006
1007
1008
1110
0
1009
3914
1011
0
1105
1013
0
935
1014
1016
1017
1018
1019
940
1136
0
942
1022
1023
1024
1025
1026
1027
1028
1029
1030
1031
1032
1033
952
1036
0
0
1038
1040
1041
1043
0
1045
1046
1047
1048
1050
1052
1053
1055
1056
1049
1059
1064
1063
1066
1042
1067
1058
1062
1079
1071
988
1073
0
1068
1074
998
1077
1078
986
997
1190
1083
1082
1070
1086
1089
1090
1088
1093
1094
1205
1092
0
1096
0
0
0
0
1102
1103
1104
0
0
1101
1106
1020
0
0
869
1137
1112
1108
1114
0
1116
1115
0
1119
1120
0
1213
1122
1123
1217
1148
1125
1126
1128
0
1130
1131
1132
1200
1133
1134
1138
3994
0
0
1140
1142
1143
1118
1145
1146
1147
0
1149
0
1150
1151
1152
1154
1155
1156
1162
1157
1158
1238
1159
1160
1161
1061
0
1164
1175
1165
1259
1168
1169
1170
1167
1172
978
1173
1174
1181
1177
0
1178
1179
1080
0
1182
0
1185
1186
1263
1085
1264
1187
0
1098
1191
0
1195
1207
1192
1196
1197
0
1005
1198
1199
0
1201
1202
1203
1204
0
1206
1208
0
1209
1210
1211
0
1214
1215
0
1124
946
1219
1398
1290
1221
1222
1223
1224
1135
0
1227
1228
0
0
1230
1231
0
1233
1234
1235
1153
1236
0
1237
1239
1240
1241
1242
1243
1244
1245
0
1247
1249
1310
1252
1253
1254
1255
1256
1257
1258
1183
1260
1262
0
1326
1194
1266
1267
1269
1270
0
0
0
1274
1275
1337
1276
1277
0
1278
1279
1339
1280
1281
1282
1283
0
1129
1218
1285
1286
1287
1288
1225
0
1289
0
0
1352
1292
1354
1229
1295
1296
1297
1298
1299
1300
1301
1302
1303
1304
0
1305
1306
1307
1308
1309
0
1248
1176
0
1313
1314
1250
1315
1324
1317
1318
1319
1320
1321
1322
1271
0
1099
1389
1268
1327
1328
1329
1330
1331
1332
1333
1335
1338
0
1340
1342
1284
1345
1407
1346
1226
1350
0
1291
0
0
0
1293
1294
1357
0
1427
1358
1359
0
1361
0
1421
1363
1364
1365
1366
1367
1368
1423
1369
1370
1377
1323
1375
1376
1378
1379
1380
1381
1512
1383
1384
1386
0
1387
1388
1446
1336
1450
1390
1391
1393
1397
1395
1396
1456
1399
0
1457
1400
1344
1402
0
0
1351
1403
1406
0
1408
0
1411
1348
0
1413
1404
1469
1415
1416
1417
1418
1360
0
1419
0
1422
0
1424
1425
1426
0
1372
1428
4057
0
1508
1430
1431
1432
1433
1437
1435
1436
1438
1434
1442
1443
1373
0
1385
1382
1448
1449
1405
1451
1452
1453
1394
0
1458
1474
1466
1461
1544
1462
1465
0
1467
1414
1409
0
0
1473
1459
1476
1477
1478
1479
0
0
1481
1482
1492
1500
1420
1483
1484
1485
1525
1487
1555
0
0
1490
1491
1493
1495
1496
1498
1499
1501
1502
1503
1497
1504
1494
1506
1507
1509
0
0
1514
1515
1516
0
0
1444
1518
1519
1520
1521
1447
1522
0
1524
1439
0
1527
1528
1529
1531
0
1471
0
1533
1534
1535
1410
1536
1538
0
1454
0
1541
1542
1582
0
0
1463
1545
1550
1551
1553
1554
1556
0
0
1590
1558
1559
1560
1552
1547
1561
0
1562
1570
1564
1565
1566
0
0
1510
1567
1569
0
1571
1572
1574
1575
1523
1577
1578
1579
1580
1480
1581
1583
1584
1649
1585
1715
1548
1549
1588
1596
1683
1591
1592
1593
1594
1595
1597
1598
0
1657
1599
1601
1602
1603
1604
1606
1607
1608
1609
1610
1611
1612
1613
1614
1625
1615
1616
1441
1618
1605
1621
1622
0
1623
1624
0
1568
1626
1627
1628
1573
1630
1631
1632
1633
1563
1635
1636
1637
1638
1639
1640
1641
1642
0
1546
1645
1646
1647
1589
0
0
0
1650
0
1651
1652
1653
1654
0
1656
1658
1557
1489
0
1659
1619
1661
1662
1681
0
1663
1617
1665
1666
1667
1668
1692
1669
1670
1671
1672
1673
1643
0
1676
1677
1644
0
0
1680
1699
0
1684
1686
1725
0
0
1688
1689
1690
1691
0
1693
1694
1751
1696
0
0
1718
0
0
1701
1703
1702
1704
1705
1706
0
1707
1708
1709
1734
1710
0
0
1717
1682
1698
1719
0
1720
1721
1722
0
1744
1723
1687
0
1726
1747
0
0
0
1728
1731
1730
0
1732
1733
1713
1712
1735
0
1724
1737
0
1714
1740
1741
1743
0
1742
0
1745
1746
1778
1727
0
0
1750
1695
1752
1753
1755
1756
1757
1758
1759
0
1760
1761
1762
1763
1764
1766
0
0
1768
1769
1770
1749
1772
1773
1774
0
1775
1776
1777
1779
1771
1780
1781
1782
0
1783
1784
1786
1765
1785
1787
1788
1789
1790
1791
1792
1793
1794
1795
1796
1797
1798
1799
1800
1801
1802
1803
1804
1805
1806
1807
1808
1809
1810
1811
1812
1813
1814
1815
1816
1817
1818
1819
1820
1821
1822
1823
1824
1825
1826
1827
1828
1829
1830
1831
1832
1833
1834
1835
1836
1837
1838
1839
1840
1841
1842
1843
1844
1845
1846
1847
1848
1849
1850
1851
1852
1853
1854
1855
1856
1857
1858
1859
1860
1861
1862
1863
1864
1865
1866
1867
1868
1869
1870
1871
1872
1873
1874
1875
1876
1877
1878
1879
1880
1881
1882
1883
1884
1885
1886
1887
1888
1889
1890
1891
1892
1893
1894
1895
1896
1897
1898
1899
1900
1901
1902
1903
1904
1905
1906
1907
1908
1909
1910
1911
1912
1913
1914
1915
1916
1917
1918
1919
1920
1921
1923
1924
1925
1926
1927
1928
1929
1930
1931
1932
1933
1934
1935
1936
1937
1938
1939
1940
1941
1942
1943
1944
1945
1946
1947
1949
1950
1951
1952
1953
1954
1955
1956
1957
1958
1987
1959
1960
1961
1962
1963
1964
1965
1968
1922
1970
1948
1972
1991
1973
1974
1975
1976
1978
1979
1980
1981
1982
1966
1967
1984
1985
1986
1988
1989
1990
1992
1993
1994
0
1996
1997
1998
1999
0
2001
2002
2003
2013
2004
2005
2006
2007
2008
2009
2000
2010
2011
0
2014
2015
2016
2017
2018
2019
2012
2020
2021
2022
2023
2024
2025
2026
2027
2029
2030
2031
2032
2033
2034
2035
2036
2038
2039
2040
2041
2042
2043
2044
2045
2046
2037
2048
2049
2050
2051
2052
2053
2054
2055
2057
2058
2059
2060
2061
2063
2064
2065
2066
2067
2068
2069
2071
2072
2073
2074
2075
2062
2056
2077
2079
0
0
2081
2082
2083
2084
2085
2086
2087
2078
2089
2090
2091
2092
2093
2095
2096
2097
2098
2099
2088
2101
2102
2094
2105
2106
0
2108
2109
2110
2111
2107
2114
2115
2116
2117
2118
2119
2103
2121
2122
2113
2124
2125
2126
2127
2128
2129
2130
2132
2138
2133
2134
2135
2199
2136
2137
2139
2140
2141
2142
2143
2144
2145
2146
2147
2148
2149
2150
2151
2152
2153
2154
2155
2156
2157
2158
2159
2160
2161
2163
2164
2165
2166
2167
2168
2169
2170
2171
2172
2173
2174
2175
2176
2177
2178
2179
2180
2181
2182
2183
2184
2185
2186
2187
2188
2189
2190
2191
2192
2193
2194
2195
2196
2197
2198
0
2200
2201
0
2202
2203
2204
2205
2206
2207
2209
2210
0
4119
2212
2214
0
2215
2216
2217
2218
2219
2220
2221
2222
2223
2224
0
2225
2226
2227
2208
2228
2230
2232
2233
2234
2231
2236
2237
2213
2241
2242
2243
2244
2245
2246
2247
2299
2248
2249
2239
2235
2250
2251
2252
0
2254
2255
0
2257
0
0
2260
2261
2262
2256
2240
2263
2264
2265
2266
2270
2268
2269
2285
0
2271
0
2273
2272
2274
2275
2277
2278
2282
2283
2284
2267
2286
2287
2288
2320
2289
2312
2290
2293
2291
2295
2258
2297
2301
0
0
2303
2368
2369
2304
2305
2306
2307
2309
2308
2280
2341
2310
2311
2313
0
2314
0
2316
2317
0
2318
2319
2321
2324
0
2326
2329
2331
0
2292
2294
2337
2276
2335
2338
2339
2372
2342
2366
2323
2315
0
2346
2347
2348
2349
2350
2351
2352
0
2355
4161
2356
0
2357
2322
2325
2391
2332
2360
0
0
2402
2343
2334
2359
2362
0
2365
2371
0
2373
2380
2344
2345
2374
2375
2328
2327
2378
2428
2425
2381
2382
2383
2384
2385
2386
0
2482
2390
2441
2353
0
2393
2394
2400
0
2406
2358
2399
2395
0
2401
2448
2403
2405
2410
0
0
2408
2460
2409
2411
2412
0
2407
2413
2414
0
2415
2370
2417
2418
2419
2420
2421
2422
2423
2424
0
2426
0
2379
2429
2430
2432
2433
2434
2435
2437
2438
0
2389
2440
2446
2442
2444
2445
0
2392
2449
2450
2452
2451
2463
0
2457
2458
2459
2461
2462
2471
2465
2466
2467
0
2469
2470
0
2377
2427
2475
4175
2476
2512
2477
2478
2479
2480
2481
2436
2484
2439
0
0
2388
0
2483
2490
2493
2494
0
2495
0
2496
2456
2364
2498
2499
2501
2535
2534
2502
2503
2504
2505
2506
2507
2508
2509
2510
2511
2552
2514
2516
2513
2517
2518
2519
2520
2387
2521
2562
2563
2523
2524
2525
2526
2491
2492
2259
2530
2533
2536
2531
2538
2539
2541
2500
2543
2544
2549
2583
2546
2547
4176
2548
0
2550
2551
2586
2554
2555
0
4177
2558
2557
0
2560
2561
2564
0
2565
2566
2567
2568
2569
0
2570
2614
2472
2575
0
2574
2576
2532
2577
2578
2579
2580
2712
2581
2582
2584
2585
2587
2589
2590
2588
2591
0
0
2598
0
2595
2593
2596
2597
2599
2600
2601
2602
2603
2604
2605
2606
2607
2608
2609
2572
2537
2611
2704
2649
2615
2616
0
2617
2618
0
2545
2620
2622
2623
0
2624
2625
2627
2628
0
2592
2631
2632
2571
2634
2640
0
2637
2638
0
0
2641
2642
2643
2612
2644
2645
2647
2613
2650
2651
2652
2653
2654
2655
2656
2661
2658
2659
2629
0
2660
2735
2663
2664
0
2635
2665
0
2666
0
2668
2669
2639
0
2671
2672
2673
2677
0
2679
2680
0
2682
2683
2684
2685
2686
2687
2688
2689
2690
2556
0
2692
2694
2695
2733
0
2662
2697
2698
2751
2700
2701
0
2748
2750
2705
2706
2707
2678
2708
2710
0
0
0
2713
2674
2714
2715
2717
2756
2719
2720
2721
2723
2724
2725
2727
2728
2729
2730
2693
2732
0
2734
2696
2691
2820
2817
2738
2739
2740
2742
2743
2699
2745
2746
2741
2744
2702
2749
0
2752
2753
2754
2755
2722
2790
2681
2759
2831
2796
2762
2763
0
2764
0
2768
2767
2770
2731
2771
2772
2773
2774
2775
2776
2777
0
2778
0
2780
2781
2782
2783
2676
2785
2786
2787
2788
2789
2716
0
0
2792
2793
2794
2795
2797
2798
2799
2800
2801
2765
2766
2805
2806
2807
0
2809
2804
2810
2811
2812
2813
0
2815
2816
0
2818
2819
0
2823
2824
2784
2826
2726
2828
2829
2830
0
2832
2833
2834
2802
2838
0
2893
2882
2844
2839
2845
2758
2843
2848
2849
2850
2851
0
2814
2852
2853
0
2856
2855
2858
2859
2860
2861
2822
2865
2821
2868
2869
2870
2871
2872
2873
2874
2875
2711
2877
2836
2959
2964
2880
2881
2841
2972
2927
2883
2885
0
2854
0
2936
2889
2846
2895
2890
2943
2892
0
2894
2896
2897
2891
2899
2900
2901
2902
2903
2904
2909
2906
2907
0
2908
2910
2911
2963
2913
2876
2917
2918
2919
2920
2921
2922
2923
0
2978
2925
2926
2989
2928
0
2930
2931
2932
2934
2933
2938
2862
0
2940
2941
3051
0
2937
0
2945
2946
2947
0
0
3015
2949
2950
2905
2953
2879
3003
2955
0
0
2957
2958
0
3019
2960
2961
2962
2965
2966
2967
2969
0
3021
3071
2924
0
2975
2916
2977
2886
2887
2979
2981
2984
3042
0
0
3043
2987
3121
2986
3097
2990
0
3047
3000
2993
2939
2996
2997
2998
3004
2999
3006
3001
3002
4218
0
0
2994
0
3008
3011
3012
3007
3013
3014
0
2973
3017
3018
2948
3020
3023
3022
3025
3026
3027
2970
2971
3016
3028
3030
2980
3032
2976
0
3078
2974
0
0
0
3090
0
3029
3038
3039
4289
0
0
3100
0
2982
3046
2991
0
0
2983
3093
3050
0
3053
3062
2995
3056
3057
3059
2942
2954
0
3068
3064
3065
0
0
3031
0
0
0
0
3073
3074
3024
3077
3079
3080
3129
3082
3083
0
3143
3084
3085
3086
0
3036
3136
3087
0
3037
3091
3092
2935
0
2968
3157
3096
3094
3095
3098
0
0
3108
3045
3055
3113
3063
0
3166
3110
3112
2992
3175
3115
3117
3119
0
2866
3232
0
3124
3069
3005
3174
0
3233
3128
3185
3072
3075
3133
0
0
3137
0
3138
3139
0
3140
3164
3089
3144
3142
3155
3147
3148
0
3156
3146
3150
3208
3152
3213
3103
0
3158
0
3161
3154
3170
0
3218
3111
3107
3135
3099
3123
0
3221
0
3169
3171
3120
3181
3052
3177
3127
3178
3116
3180
0
3163
3227
3060
3230
0
3130
3184
0
3186
3187
3141
0
3190
3191
0
3193
3194
3195
3199
0
0
3134
3243
0
3200
3202
3203
3188
3159
0
3207
3153
3206
3209
3254
0
0
3149
0
3217
3263
3167
3172
3101
3219
3220
3165
3104
0
3225
3222
3229
0
3271
3122
0
3231
3234
0
3189
3239
3246
3182
3197
3278
3240
0
3238
3312
3245
0
3282
3244
0
3201
3251
3242
3292
3211
0
3255
3212
3258
3259
3262
3261
0
0
3215
3226
3269
0
3274
3237
3315
3270
3277
3273
3279
3281
0
3276
0
3285
3253
0
0
3288
0
3289
3291
0
0
3287
3294
3241
4546
3296
3297
3298
3204
3302
3325
0
3264
0
3307
0
3257
3309
4571
3268
3330
3192
0
0
3313
0
3316
0
0
3280
0
3331
3321
3290
0
0
3334
0
3323
0
3295
3324
3303
3341
3338
3326
0
0
3305
3311
3351
3319
0
3333
0
3336
3337
0
3335
3361
3367
0
3327
0
3344
3343
3328
3346
3348
0
3352
0
0
3360
0
3356
3357
3358
0
3362
0
3363
3342
3364
3365
3366
3369
3370
3373
3401
3374
3353
3354
3375
3376
3377
3378
3379
3380
0
3384
3385
3386
3388
0
3390
3391
3392
3393
3395
3396
0
0
3419
0
0
3403
3404
3406
0
3408
0
3383
3405
3409
3387
3413
3414
3416
3417
3418
3399
3407
3420
3422
3427
0
3424
3425
3426
3428
3397
0
3430
3433
3434
0
0
3438
0
3442
3447
3448
3445
3444
3441
3451
0
0
3449
3455
3456
3452
0
0
3450
3460
0
3454
0
3468
2
3465
3469
0
3458
3459
3467
3471
3461
3481
6
3482
4937
3479
3498
3473
3474
11
3462
3476
0
0
0
3483
3490
0
3502
3487
3466
3504
0
0
3475
15
3489
3500
3491
3492
3477
3496
3510
0
3494
0
3480
0
3472
3493
3501
3506
0
3508
0
3513
0
3515
3522
3516
0
0
3517
0
3518
3505
3507
3519
3526
3514
3521
3527
3529
3530
3531
3532
3533
3535
3539
3536
3537
0
3540
3541
3538
3547
3543
3549
3545
0
3546
3523
0
0
3556
3551
3563
3552
3544
3576
3562
3555
3550
3559
0
0
3564
3553
3568
3569
3557
3560
3579
0
3582
3580
3574
3558
3577
3571
3578
3561
3542
3581
3565
3575
3584
3566
3586
3590
3573
3587
3591
3608
3588
3609
3593
3596
0
3597
3572
3567
0
3602
3600
3592
0
3604
3605
0
3603
3607
0
3624
3601
3610
3612
3613
3614
3615
0
3617
3633
0
3618
3619
3622
0
0
3623
3606
0
3631
3616
3628
0
3620
3638
3629
4941
4945
3642
3632
0
3635
115
3639
3627
0
0
3630
3645
3643
3647
3649
3654
3657
0
0
3650
3651
3656
0
3659
4960
0
3652
3660
3655
0
3661
3666
0
3662
3664
3665
190
3667
3668
4967
3669
0
0
3670
3672
3673
3681
3674
3685
3671
3675
0
3677
3678
3680
3683
3686
0
3687
0
3689
3690
0
3682
3692
3688
3694
3693
3696
3697
3698
0
3691
0
3699
0
3700
3730
3703
3715
3716
3702
3704
3701
3708
0
3759
3712
3709
3705
3723
0
0
3732
3722
3727
3707
0
3719
3711
3741
3746
0
3714
3739
0
3766
3742
3751
0
3724
3713
3745
3726
3718
3728
3758
3717
0
3749
3764
3731
3740
3788
0
3729
3720
3743
3752
3706
3753
3756
0
3721
0
3777
3761
3750
3725
3762
0
0
3922
3809
0
3767
0
0
3787
3768
3748
3808
3821
0
3794
3754
3776
3841
3763
3765
3798
3783
3861
3770
3784
3769
0
3771
3792
0
3796
3801
3780
0
3760
0
3804
3781
0
3773
3790
3755
3778
3829
3817
3799
0
3782
3820
0
3826
3824
3844
3827
3830
3828
0
3857
3832
3802
3833
3836
3822
3839
3895
3837
0
3870
3842
0
3845
3811
3849
3850
3851
0
3852
3858
0
3862
3878
3774
3867
3898
0
3810
3971
0
3843
3865
3876
0
3958
0
0
3871
3926
3882
3853
3884
3855
3814
3886
3887
3966
3860
3896
3894
3825
3916
0
1084
3900
3869
3903
3868
3907
3873
3874
3908
3847
3911
0
0
3913
1095
3892
3899
3910
3967
3940
1010
3902
3917
3941
1087
3923
3918
3949
3909
0
3931
3947
3889
0
3937
3959
0
3881
3942
4004
3979
3904
3945
3944
3954
3885
3948
0
3939
0
4003
1051
3952
3981
3925
0
0
3846
3973
0
3977
0
0
3933
0
3946
3989
3893
0
0
3936
3969
4050
3930
3935
3963
4007
0
3983
0
3993
4012
3972
3880
3919
3982
3990
4001
3978
3980
3988
0
4010
4002
4031
4015
3901
4013
4023
4065
0
3987
4008
3998
3897
0
4011
3996
4055
0
4017
4018
3960
0
4032
0
4024
3997
0
4016
4039
3976
4029
4043
0
4033
4058
3991
0
0
0
0
4026
4027
4073
4020
0
4044
4046
0
4034
4025
4047
4035
3995
4052
4069
4053
4036
4021
4030
4075
4068
0
4070
0
0
4060
1537
4028
4045
4078
4054
4085
4067
1530
0
4006
4076
4084
4066
0
0
4081
4086
0
4087
4063
4088
4089
4090
4093
4092
4096
4091
4095
2162
4094
4098
0
4097
4102
4106
4103
4104
4111
0
4114
4108
4109
0
0
4105
0
0
4113
0
4101
0
4117
4107
4133
4123
4118
4116
4121
4115
0
4126
0
4120
4132
2211
0
4125
0
0
4127
0
0
0
0
4122
4134
4128
0
4135
4142
4138
4137
4130
4136
4139
4158
0
4150
4157
0
4143
4145
0
0
4147
0
4146
0
4140
4168
4159
4149
0
4156
0
4151
4163
4141
0
0
0
0
4162
0
4160
4167
4144
4148
4172
4169
4164
4165
4166
0
4171
4174
4155
0
0
4183
4179
4185
4182
0
4195
4197
0
0
4186
0
4184
0
4224
4216
4245
4205
4191
4208
0
4189
4181
4236
4211
4214
0
0
0
4241
2915
4243
4190
4206
0
4194
4193
4192
4247
4210
4221
4215
4200
4188
4180
4249
4227
4220
4344
4246
4232
4209
0
4230
4254
0
4196
4219
4251
4235
0
4238
4222
0
0
4217
0
4258
4300
2884
4302
4336
4255
4273
0
0
0
4270
4319
4261
4260
4253
0
4252
0
4263
4308
4310
4229
4228
4287
4272
0
0
4315
4277
4278
0
4280
4325
4244
4257
4256
4281
0
0
4333
4266
4271
4250
4292
4237
4276
4279
0
4295
0
4296
4275
4349
0
4301
4429
4385
4265
4304
4306
0
0
4331
0
4312
4334
4314
4239
4338
4293
4320
4383
4297
4282
0
4328
4330
4403
0
4335
0
4439
4340
4375
4361
4379
4223
4348
4386
4346
4373
0
4324
0
4541
4567
4352
4264
4305
4311
4351
3040
0
4313
4363
4337
0
4366
0
4365
4317
4321
0
4377
4412
4345
0
4299
0
0
4268
4650
0
4354
4391
4421
4395
4327
4389
0
4267
4401
4269
4404
0
4434
4402
4405
4318
4407
0
0
4413
4451
0
4414
4416
0
0
4484
4355
4455
4415
4418
4417
4350
0
4422
4424
4419
4426
4428
4430
0
0
4364
4329
4332
4440
4445
0
4443
0
4482
4446
4474
4535
0
0
0
4425
4347
4453
4457
4378
0
0
4393
4456
4461
4519
4390
4459
0
4394
0
0
4508
4498
4467
4502
4465
4410
0
4505
4503
4398
0
4475
4411
4472
0
4523
0
4527
4531
4323
4489
4490
4592
4454
0
0
4458
0
4286
4518
4496
4399
4480
4466
4400
4468
4555
4525
4548
4360
0
4469
4547
4294
4552
0
4509
0
4515
4450
0
4559
4517
4521
4564
4470
4558
0
4575
0
4579
4549
4506
4530
4554
4563
0
0
4485
4362
4341
0
4374
4593
0
0
4572
4384
0
4655
4566
4569
4557
4543
4542
4604
4635
4608
0
4497
0
0
4636
0
4580
4582
0
4444
0
4516
0
4565
4600
4536
4675
4491
4598
4520
0
4601
4612
4743
4619
0
4632
4550
0
4613
4659
0
0
4584
4585
4723
4537
4590
0
4562
0
4596
4599
4514
4539
4606
0
4656
4657
0
4553
4473
4616
0
4587
4790
4617
4618
0
4724
0
4641
4620
4621
4648
4622
4623
4646
4594
4625
4799
4627
0
4568
4631
0
4545
4634
4551
4611
4639
0
0
4640
4674
0
0
4343
0
4624
4481
4672
0
4649
4708
4628
0
4607
4712
4647
4574
0
0
4719
4686
4577
4581
0
4586
4663
4692
4561
4667
4642
0
4669
4670
4671
0
0
0
4673
3381
4380
4651
4603
0
4681
0
4652
0
4654
4629
4633
4685
4605
0
0
4718
4658
0
4690
4661
4722
0
4645
4693
4695
4698
4721
4705
0
4666
4677
4754
0
4679
4720
4710
4676
4682
4749
4739
0
4805
4714
4774
0
4716
0
4783
0
4725
4726
0
4699
4785
4701
0
4733
4759
0
4711
4782
0
4838
0
4741
4748
0
4781
4729
4694
4662
0
4706
0
4797
4756
4758
0
4795
4760
0
4762
4807
4837
4746
0
4841
0
4767
4768
4769
4727
4771
4772
0
0
4776
0
4717
0
4745
4766
0
4730
4794
4703
4786
4788
4734
4831
4597
4780
4736
4791
4678
4792
0
4796
4832
4750
4834
4765
4839
4802
4803
0
0
4798
4801
4773
4770
4811
4815
4819
4804
4851
4826
4787
4816
4665
4824
4878
4818
4789
4822
4764
0
0
4827
0
4800
4808
0
0
0
4688
0
0
4858
4871
0
4828
4860
0
0
4850
4830
0
4735
3398
0
4868
4867
4775
4740
4881
4793
0
4821
4847
4731
4859
0
4864
4844
4877
4853
0
0
4846
0
4857
4817
4876
4882
4875
4880
4833
4870
4872
4862
0
4863
4809
4840
0
0
4865
0
4885
4890
0
4889
4888
4893
4892
0
4891
4899
0
0
0
4895
4903
3443
4908
4901
4896
4902
4907
4905
0
4909
0
4914
4912
0
4904
0
4924
4915
0
4921
4920
4923
4922
4919
4934
4906
3453
4930
4925
4927
4917
0
0
4928
0
4931
4935
4932
4926
0
4947
4939
3644
0
4944
4940
0
4951
4943
4953
4950
4948
4954
4961
4955
3648
4964
4946
4977
4959
4952
4968
4963
4957
0
4966
0
4956
4976
4989
4971
4962
0
4969
4970
0
4974
4979
0
4978
4981
4980
4987
4992
4998
3679
4999
5001
4996
0
