0
0
0
21
4
3475
0
9
10
0
11
12
14
16
7
0
18
0
20
10
7
12
24
0
26
22
27
17
22
29
3512
38
31
0
0
29
34
30
25
36
25
38
47
40
41
0
44
45
30
39
42
0
49
50
51
52
53
69
43
55
56
0
50
57
58
58
60
0
60
71
3591
45
63
64
75
66
67
68
0
0
72
61
75
70
75
76
77
78
65
80
129
83
82
80
84
94
96
85
86
87
79
89
89
90
91
95
98
97
99
100
0
103
90
104
98
105
107
3607
107
99
99
120
101
111
118
112
124
114
115
116
117
102
119
113
120
121
122
123
125
126
127
0
130
131
132
119
134
135
136
137
138
139
141
126
0
143
144
154
146
147
154
148
0
149
150
151
142
152
153
185
145
156
157
159
160
161
162
163
156
145
166
167
168
169
164
170
171
172
173
174
175
176
177
178
179
180
181
182
183
184
193
186
187
188
225
189
0
191
192
193
194
195
266
197
199
200
201
202
203
204
205
192
207
208
209
210
211
213
214
215
3673
216
217
218
219
220
221
222
223
224
226
227
231
228
212
229
238
232
233
234
235
236
237
0
240
241
242
243
244
245
246
247
248
251
249
273
254
252
253
230
256
234
258
259
260
261
262
263
264
0
267
268
269
270
271
293
272
274
275
280
276
277
278
279
312
281
282
283
284
285
265
286
287
0
335
289
290
291
292
294
250
295
296
0
297
298
300
336
301
302
303
304
307
308
311
313
311
315
316
317
318
319
320
339
322
323
324
305
325
326
310
314
329
330
331
332
333
337
322
340
341
343
344
345
347
310
379
348
349
350
351
352
353
354
0
356
309
357
358
359
310
362
363
364
346
365
368
370
371
334
355
375
376
0
378
367
0
382
383
384
385
386
387
388
389
376
409
391
392
377
393
394
395
398
399
400
405
401
402
372
404
407
408
409
412
381
0
383
414
415
416
417
418
419
420
413
421
422
423
424
425
427
428
429
0
431
431
433
434
435
436
437
466
431
439
430
440
441
442
443
0
445
458
447
448
450
451
452
453
454
456
448
455
459
460
461
462
432
463
464
465
467
468
449
495
450
470
471
472
473
474
475
476
465
478
479
480
481
482
483
484
456
486
446
446
489
0
0
492
534
493
469
496
497
475
499
501
502
503
504
505
542
506
508
507
509
511
512
513
514
515
516
517
518
519
520
521
523
524
531
525
552
527
529
564
532
533
535
536
537
538
539
540
541
541
544
575
545
546
547
548
549
0
550
551
553
576
554
554
526
556
556
523
560
561
562
566
567
568
569
570
571
572
573
574
578
580
577
581
582
583
584
585
586
587
588
589
591
592
563
564
596
597
598
599
600
601
602
682
0
603
604
0
605
606
607
608
609
610
611
607
559
615
636
617
618
592
616
0
621
645
623
625
626
627
629
630
628
663
609
579
633
633
634
614
635
706
622
638
634
640
641
642
643
646
647
648
649
650
645
680
699
654
655
656
657
658
659
660
661
703
684
662
688
665
636
735
634
669
649
671
671
672
673
621
675
649
678
698
679
681
683
685
686
762
668
691
710
634
693
0
694
647
696
697
746
723
701
702
704
705
730
706
735
708
627
688
711
712
713
692
740
715
716
717
718
720
776
722
728
0
0
0
729
0
730
731
687
732
734
735
736
709
766
739
710
741
742
721
743
744
745
772
726
747
727
724
750
776
743
752
754
755
0
734
738
0
757
801
738
733
733
738
756
763
765
768
769
719
0
773
774
0
747
0
782
783
784
785
786
787
753
789
790
0
781
792
793
794
795
796
797
799
802
0
762
804
766
836
803
688
767
863
807
725
810
749
0
839
812
813
814
815
816
817
798
798
819
819
821
822
823
824
800
826
827
0
828
829
830
831
805
760
834
835
805
912
840
841
0
778
843
844
821
847
853
848
849
850
822
852
853
0
0
856
857
857
859
833
860
831
863
808
861
864
0
865
840
0
0
868
0
874
875
876
877
911
881
882
883
884
885
885
887
888
889
890
891
854
855
929
892
893
926
0
894
896
898
900
840
867
869
903
904
900
906
879
907
908
0
873
871
0
910
911
964
914
915
916
917
837
920
921
919
923
925
927
928
899
930
0
934
0
725
903
937
938
913
942
943
932
909
945
956
946
947
948
949
1017
950
912
952
953
954
916
956
957
958
959
960
961
963
963
965
0
966
967
0
968
969
970
971
972
973
975
976
977
979
980
981
953
1080
965
975
984
985
986
987
1071
988
0
990
991
993
915
1077
995
996
997
998
1001
1002
1003
887
924
1004
1005
1006
1007
1008
1110
1009
0
1011
0
1105
1013
931
1014
946
1016
1018
1019
940
940
1136
1138
0
0
1022
1023
1024
1025
1026
1027
1028
1029
1039
1030
1031
1032
1033
952
1009
1036
1037
1038
1040
1041
1042
1043
0
1044
1045
1164
1238
1048
1049
1050
1052
0
1055
1056
1175
1058
1059
1058
1062
1061
978
978
1066
1067
1062
1070
975
0
0
1074
1077
1078
1079
1073
998
1082
1190
1083
998
1086
1089
1090
3944
1095
1093
1094
1092
1092
0
1005
1098
0
1101
1102
1103
1106
1105
1106
1108
1020
1137
1112
1108
1114
1115
1116
1140
1115
0
1119
1120
0
1122
1123
1217
1148
1125
1040
1128
1129
1130
1131
1132
1133
1134
1135
1227
942
1115
0
1140
1142
1143
1118
1145
1146
1147
0
1149
1150
1151
1152
1153
1154
1155
1156
1157
1158
1238
1159
1160
1161
1162
1061
1170
1165
1052
1259
1175
1169
1170
1167
1172
1173
1174
1176
1177
1178
1179
1181
984
1182
0
1185
1186
1080
1187
1085
1264
1191
1098
0
1195
1192
1196
1197
1207
1267
1198
1199
1200
1201
1203
1203
1204
0
1206
1208
1213
1209
1210
1211
1214
1215
0
1124
1218
1219
1020
1290
1221
1222
1223
1224
1225
1226
1137
1228
0
1230
1231
1233
1234
1235
1229
1236
0
1237
1239
1241
1242
1243
1244
1245
0
952
1247
1249
1310
1372
1253
1254
1255
1256
1257
1258
1260
1183
1322
1262
1271
1326
1194
1266
1267
1269
1270
1266
0
1214
1274
1275
1337
1276
1277
0
1278
1279
1280
1281
1282
1283
1284
1339
1285
1286
1287
1288
0
1350
0
0
1352
1292
1354
1229
1294
1295
1296
1297
1298
1299
1300
1301
1302
1303
1304
1240
0
1305
1294
1307
1308
1309
1310
0
1248
1176
0
1313
1314
1250
1315
1324
1317
1318
1319
1320
1321
1322
1271
1099
1389
0
1268
1327
1328
1329
1330
1331
1332
1333
1335
1336
1338
1340
1337
1398
0
1342
1284
1345
1407
1346
1225
1350
0
0
0
0
1293
1300
1294
1357
1427
1358
1359
0
1361
1300
1363
1364
1365
1366
1368
1423
1306
1369
1370
1377
1434
1512
1375
1376
1378
1379
1380
1381
0
1383
1384
1382
1386
1322
1387
1388
1446
1390
1391
1394
1395
1396
1397
1456
1399
1466
1400
1344
1402
0
0
4044
1403
1404
1406
0
1411
1348
0
1413
1414
1415
1416
1417
1418
1360
1419
0
1420
1421
1422
0
1424
1425
1426
0
1487
1428
1384
1430
1431
1432
1433
1434
1512
1435
1436
1437
1514
1438
1323
1373
1442
1443
1385
1382
1448
1449
0
1450
1405
1451
1453
1452
1397
0
1458
1459
1461
1462
1463
1465
1467
1404
1492
1469
1454
1471
1410
0
1474
1473
1476
1477
1478
1479
0
1481
1482
1483
1484
1485
1525
1487
1289
0
1490
1491
1483
1494
1495
1496
1498
1499
1500
1564
1501
1502
1503
1504
1434
0
1506
1428
0
1437
1509
0
1436
1514
1515
1516
1373
1518
1518
1519
1520
1521
1447
1522
0
1524
1580
1439
0
0
1529
0
1471
1531
1535
1536
1537
1538
1467
1404
1454
1541
1542
1582
0
1544
1545
1408
1547
1548
1549
1550
1551
1552
1552
1591
1553
1554
1556
1555
1590
1558
1559
1560
1561
0
1562
1563
1565
1566
0
1567
1569
1570
1571
1572
0
1568
1574
1640
1577
1578
1579
1580
1480
1581
1583
1584
1585
1715
1548
1549
1589
1588
1596
1584
1592
1593
1594
1595
1597
0
1598
0
1657
1599
1563
1601
1602
1603
1604
1605
1606
1607
1608
1609
1610
1611
0
1612
1613
1614
1615
1616
1441
1618
1619
1494
1621
1622
1623
1624
0
1568
1568
1626
1627
1628
1573
1573
1630
1631
1632
1633
1570
1635
1636
1637
1638
1639
1640
1641
1642
1643
1546
1645
1646
1647
0
1649
1699
1650
1651
1653
1654
1722
1656
0
1658
1557
1489
1659
1619
1661
1662
0
1663
1617
1665
1666
1667
1624
1692
1669
1670
1671
1672
1673
1639
1643
1643
1676
1677
0
1612
1589
1681
1682
0
1684
1686
1725
0
0
1688
1689
1691
0
1693
1694
1751
1696
1681
1740
1680
0
1652
1701
1702
1703
1707
1708
1709
1734
1710
1644
1713
0
1717
1714
1719
1720
1721
0
1698
1744
1723
1727
1706
1726
0
1728
1731
0
1730
0
1732
1733
1712
1735
1737
1714
1724
1737
1718
1741
1742
1743
0
1745
1746
1747
0
1750
1695
1752
1753
1757
1755
1756
1758
1759
1760
1761
1762
1763
1764
1766
1788
1765
1780
1768
1769
1770
1749
1773
1773
1774
1775
1776
1777
1778
1779
1771
1781
1782
1783
1784
1786
1785
1787
1789
1790
1791
1793
1794
1795
1796
1797
1798
1799
1800
1801
1802
1803
1804
1805
1806
1807
1808
1809
1810
1811
1812
1813
1814
1815
1816
1817
1818
1819
1820
1821
1822
1823
1824
1825
1826
1827
1828
1829
1830
1831
1832
1833
1834
1835
1836
1837
1838
1839
1840
1841
1842
1843
1844
1845
1846
1847
1848
1849
1850
1851
1852
1853
1854
1855
1856
1857
1858
1859
1860
1861
1862
1863
1864
1865
1866
1867
1868
1869
1870
1871
1872
1873
1874
1875
1876
1877
1878
1879
1880
1881
1882
1883
1884
1885
1886
1887
1888
1889
1890
1891
1892
1893
1894
1895
1896
1897
1898
1899
1900
1901
1902
1903
1904
1905
1906
1907
1908
1909
1910
1911
1912
1913
1914
1915
1916
1917
1918
1919
1920
1921
1923
1924
1925
1926
1927
1928
1929
1930
1931
1932
1933
1934
1935
1936
1937
1938
1939
1940
1941
1942
1943
1944
1945
1946
1947
1948
1949
1950
1951
1952
1953
1954
1955
1956
1957
1959
1960
1961
1962
1963
1964
1965
1958
1968
1922
1970
1948
1972
1973
1974
1975
1976
1966
1978
1979
1980
1981
1982
1966
1966
1984
1985
1986
1987
1988
1989
1990
1991
1992
1993
1994
1993
1996
1997
1998
1999
2001
2002
2003
2013
2004
2005
2006
2007
2008
2009
2000
2010
2011
0
2014
2015
2016
2017
2018
2019
2012
2020
2021
2022
2023
2024
2025
2026
2027
2029
2030
2031
2032
2033
2034
2035
2036
2037
2038
2039
2040
2041
2042
2043
2044
2045
2046
2037
2048
2065
2050
2051
2052
2053
2054
2055
2056
2057
2058
2059
2060
2061
2063
2064
2066
2067
2068
2069
2053
2071
2072
2073
2074
2075
2062
2077
2065
2089
2079
2081
2082
2083
2084
2085
2086
2087
2090
2091
2092
2093
2094
2095
2096
2097
2098
2099
2088
2101
2102
2103
2105
2106
2107
2089
2113
2108
2109
2110
2111
2107
2108
2115
2116
2117
2118
2119
2103
2121
2122
2111
2124
2125
2126
2127
2128
2129
2130
2132
2138
2133
2134
2135
2199
2136
2137
2139
2140
2141
2142
2143
2144
2145
2146
2147
2148
2149
2150
2151
2152
2153
2154
2155
2171
2156
2157
2158
2159
2160
2161
2162
2164
2165
2166
2167
2173
2168
2169
2170
2172
2174
2175
2176
2177
2178
2179
2180
2181
2182
2183
2184
2185
2186
2187
2188
2189
2190
2191
2192
2193
2194
2195
2196
2197
2198
2200
2201
0
2202
2203
2204
2205
2206
2207
2208
2209
2210
4119
2212
2214
2215
2216
2217
2218
2219
2220
2235
2224
0
2225
2226
2228
2230
2231
2232
2233
2234
2248
2213
2236
2235
2237
2213
2241
2243
2244
2242
2245
2246
2247
2227
2256
2249
2239
2256
2250
2251
2252
2252
0
2254
2255
2257
0
2257
2258
2228
2259
2260
2222
2261
2262
2240
2240
2263
2264
2265
2266
2270
2267
2268
2269
2312
0
2271
0
2260
2273
2274
2275
2272
2275
2276
2277
2280
2309
2282
2283
2284
2312
2316
2286
2287
2289
2290
2331
2293
2292
2257
4162
2272
2297
2299
2261
2301
2368
2305
0
2307
2309
2310
2308
2311
2313
2314
2314
2287
0
2316
2318
2319
2320
2321
2323
2324
0
2326
0
2327
2329
2291
2355
2331
2332
2322
2295
2386
2272
2391
2297
2303
2307
2339
2342
2366
2306
2323
2343
2418
2315
0
2317
2328
2346
2347
2348
2349
2267
2351
2352
2353
0
2482
4161
2387
2324
2392
2332
2360
2325
0
2334
2294
2399
2362
2276
2365
2407
2369
2370
2371
2372
2373
2380
2344
2374
2374
2375
2378
2377
2378
2379
2381
2382
2383
2384
2385
2386
0
2389
2390
2391
2292
2441
0
2388
2393
2394
0
2442
2392
2359
2400
0
2406
2401
2402
2403
2403
2405
2410
2408
2410
0
2413
2414
2457
2460
0
2370
2417
2418
2419
2420
2421
2422
2423
2424
2425
2426
2427
0
2429
2430
2428
2432
2433
2434
2435
2436
2437
2439
2440
2442
2392
2444
2445
0
2442
2448
2449
2450
2452
2449
2451
2463
2415
2456
2458
2459
2461
2462
2459
2465
2465
2466
2467
2467
2469
2470
2471
0
2423
2475
4175
2476
2477
2478
2479
2480
2481
2483
2484
2439
0
2438
2388
2446
2490
2491
2492
2493
2494
2495
2499
2496
2364
2498
2531
2500
2501
2535
2502
2503
2505
2506
2508
2509
2546
2507
2511
2512
2512
2510
2516
2509
2517
2518
2519
2520
2521
2521
2523
2524
2525
2526
2491
2492
2530
2533
2472
2536
2537
2538
2539
2377
2541
2500
2543
2544
2546
2545
2549
2547
0
2513
2550
2551
2545
2586
2554
2555
0
2558
2557
2586
2560
2561
2564
2565
2566
0
2564
2565
2568
2569
2568
2570
2614
2534
2572
2575
2574
2575
2576
2532
2577
2578
2579
2580
2712
2581
2582
2583
2584
2585
2586
2589
2587
2588
2591
2592
2593
0
2595
2593
2596
2597
2598
2599
2601
2602
2603
2604
2605
2606
2607
2608
2609
2572
2611
2612
2704
2682
2615
2616
2617
2618
2620
2622
2623
2656
2624
2625
2598
2627
2628
0
2603
2631
2571
2634
2635
2640
0
2637
2638
0
2641
2669
2643
2666
2649
2645
2576
2647
2613
2650
2651
0
2653
2654
2655
2656
2588
2658
2659
2629
0
2660
2661
2735
2735
2663
2664
0
2665
0
0
2668
2639
2605
2671
2672
2673
2632
2679
2680
0
2684
2685
2686
2687
2688
2689
2690
2556
2692
2693
2694
2695
0
2733
2697
2698
2751
2700
2750
2744
2640
0
2710
2707
2678
2708
2706
2711
2713
2674
2714
2715
2717
2756
2639
2719
2720
2721
2722
2723
2724
2725
2831
2727
2728
2729
2691
2731
2732
2766
2734
2696
2735
2662
2738
2739
2740
2741
2701
2743
2699
2745
2746
2778
2707
2752
2753
2754
2755
2716
2790
2682
2758
2843
2723
2831
2839
2762
2763
0
2764
2765
0
2768
2767
2770
2771
2772
2816
2820
2773
2774
2775
2776
2777
0
2778
2780
2781
2782
2785
2783
2676
2786
2787
2788
2796
2789
2793
2830
2792
2794
2795
2797
2799
2800
2801
2802
2805
2806
2807
2844
0
2810
2811
2812
2813
2815
2817
2895
2821
2749
2821
2900
2823
2824
2784
2826
2726
2828
2829
2831
2832
2833
2834
2876
2802
2838
2766
2893
2882
2845
2758
2843
2848
2849
2850
2851
2730
2814
2852
2936
2853
2854
2804
0
2856
2855
2859
2860
2861
0
2822
2865
2866
2868
2869
2871
2872
2873
2910
2874
2871
2877
2836
2959
2963
2809
2880
2905
0
2881
2841
2933
2885
2886
0
2887
2883
2889
2846
2890
2894
2891
2892
0
2894
0
2869
2899
2901
2902
2903
2904
2906
2907
2908
3015
2879
2911
2962
2875
2963
2964
2913
3020
2917
2918
2919
2920
2921
2922
3015
2980
0
2978
2925
2926
2989
2927
2928
2916
2930
2931
2932
2934
2887
2935
2938
2943
2940
3001
2941
2942
0
2945
0
0
2900
2949
2950
0
2953
3011
2957
3068
2962
2962
0
2960
2962
2964
2965
2966
2967
3005
2971
2961
2973
3028
2975
2976
2935
2981
2982
2983
2984
3042
0
2986
3113
0
0
2990
3047
2937
3000
2992
2993
2939
2858
2998
2999
3062
3002
4218
0
3056
2997
3003
2955
0
2994
2899
3006
3008
3003
3011
2955
3012
3007
3013
0
0
3017
3018
3019
2948
3021
3022
3023
0
3025
3026
3027
2970
0
0
3030
2974
3032
2971
0
3078
3043
3097
3037
3038
3046
3092
4289
3152
0
3051
0
2968
2991
0
3050
3121
0
3053
3062
0
3170
2995
3055
0
3057
3057
3059
3064
3002
3127
0
3062
3063
3123
3068
0
3065
3014
0
3031
3021
2972
0
3174
3022
3074
3233
2979
3029
3079
3080
3027
0
3083
3084
3085
3086
3036
3150
3087
2977
3091
3152
0
3098
3093
3094
3052
3046
3154
0
3108
3045
0
3166
3103
3104
3050
3107
4301
2990
3110
3111
3112
3222
3113
3123
3175
3115
3117
3113
3227
3232
3122
3163
3230
3005
3171
3129
3072
3073
0
3075
3234
3133
0
0
3135
3137
0
3139
3140
3141
3237
3164
3197
0
0
3089
3144
3036
3089
0
3146
3254
3148
3156
3040
3040
3152
3206
3213
3150
3154
0
3108
3218
3154
3170
0
4351
3161
3221
3271
3169
3172
3120
3174
3181
3175
3177
3233
3178
3180
3163
3234
3189
3182
3184
3185
3189
3187
3136
3190
3191
3192
3138
0
0
3134
3243
3195
3296
3200
3201
3202
3203
3153
3188
3159
0
3207
3206
3206
3208
3209
3149
0
3212
3263
3261
3215
3217
3172
3101
3263
3219
3166
3177
3123
3178
0
3315
0
3227
3231
0
3186
3239
3231
3278
3240
0
3242
3243
3244
3186
0
3282
3244
0
3296
3201
3251
3206
3211
0
3254
3255
3212
3257
3258
3259
3158
3167
3264
4571
3226
0
3226
3270
3274
3313
3165
3269
3276
3277
0
3273
3237
3279
0
3184
3238
3273
3285
3204
4561
3321
3239
3287
3288
3289
3291
3290
0
3287
3294
3325
3206
3297
3298
3211
3253
3253
4546
3302
3303
3242
3220
3264
3307
3219
3257
3309
3330
3277
3259
3268
3311
3312
3331
0
3316
3290
3313
3351
3290
3280
3334
0
4546
3336
3341
3324
3262
3327
3305
0
0
0
0
3335
3336
3337
0
3338
3335
0
0
0
3305
3328
3348
3311
3319
3352
0
3354
3360
3335
3357
3383
3357
4838
3361
3362
3388
3363
3342
3364
3365
3366
3367
0
3369
3343
3373
3401
3401
0
0
3405
3354
3376
3377
3378
3379
3380
3381
3358
0
3384
3385
3386
3387
3388
3388
3390
3391
3392
3393
3395
3396
3397
3370
3399
3419
3373
0
3405
3404
3353
3406
3407
3408
3409
3383
3405
3409
3387
3413
3414
3393
3416
3417
3418
3407
3420
3422
3424
3425
3426
3427
3428
3390
3430
3418
0
3434
3427
3430
3433
3438
0
3441
3445
3447
0
3448
3442
0
3451
0
3449
3442
3450
3452
0
3456
0
0
0
0
13
1
3458
3460
15
3465
3459
3466
3468
4935
3471
6
4935
3494
3500
3473
3474
0
3489
0
0
3472
3466
3467
3490
3477
0
3480
3483
9
3486
3472
3505
3492
3487
3495
3510
3502
0
3496
3472
3504
3480
3501
3513
0
0
3508
3519
3517
3526
3515
3522
3516
3502
0
3521
0
0
3518
3522
3507
3526
3514
3527
3523
3529
3563
3533
3532
3533
3518
3535
3539
3536
3537
3547
3539
3531
3540
3542
3538
3543
3549
3545
0
3546
3523
3551
0
3552
3576
3553
3553
3562
3568
3557
3558
3559
3558
3556
3564
3566
3565
3569
3550
3565
3560
3571
3582
3556
3574
0
3558
3577
3578
3579
3561
3572
3557
3581
3582
3575
3593
3584
3584
3586
3572
3590
3580
3591
3608
3592
3588
3593
3596
3597
3572
3567
3600
3601
3602
3603
3612
3605
3587
3615
3604
3610
3600
3614
3588
3609
3617
3633
3619
0
3622
0
3613
3613
3623
3624
3596
0
3627
3631
3616
3628
3606
0
3638
3616
4941
3630
4947
3632
3629
0
3635
115
3627
3642
3649
3630
3642
3645
3643
0
3647
3649
3654
3656
0
3643
3652
3645
0
4961
3639
3651
3650
3666
3652
0
3650
3661
3664
3665
3659
3667
4967
0
3669
0
3670
3672
3673
3674
3685
3679
3671
3675
3677
0
3680
3688
3685
3696
3685
3687
3678
3683
3688
3689
3690
0
3682
3692
3693
3694
3693
3696
3697
0
0
3700
3699
3682
3712
0
3759
3707
3713
3727
3715
3749
3716
0
3724
3704
3719
3720
3712
3703
3702
3724
3725
3701
3714
0
3718
3717
0
3709
3766
3711
3707
3732
3741
3713
3706
0
3730
3767
3731
3751
3723
3713
3788
3758
3728
3721
3742
3788
3769
3726
0
3729
0
3776
3726
3796
3729
3721
0
3777
3765
3750
3743
3770
3750
3768
3739
3762
3773
3773
0
3740
3787
3748
3784
3768
0
3761
3745
3809
3778
3764
0
3821
3770
3770
3796
3755
0
3765
3763
3798
3861
3802
3783
3817
3781
0
3754
3771
0
3792
3810
3867
3778
3796
3763
3841
3783
0
3784
3770
3820
3768
3808
3762
3787
3822
3869
3790
3811
3851
0
3725
3769
3829
3799
3783
3832
3801
3833
0
3844
3845
0
3826
3824
3827
3828
3830
3850
3832
3801
3820
3832
3781
3889
3895
3837
0
3844
3845
3870
3846
3811
3850
3809
3851
3852
3855
3853
3857
3858
3885
0
3858
3836
3862
3865
3839
3867
3842
3867
3971
3871
3832
3802
3860
3843
0
3781
0
3868
3904
0
0
3871
3882
3925
3853
3884
3798
3887
3862
3954
3885
3889
3860
3892
3893
3894
3898
3916
3825
3900
1084
3908
3849
3903
3853
3873
3869
3907
3909
3810
3925
3900
3886
1010
1010
3914
3900
3893
3896
3825
3892
3899
3977
1010
3902
3918
1087
3918
3902
1084
3926
3941
1095
0
3849
3911
1051
3931
0
3887
3889
3937
3894
3969
0
3959
3923
3949
3945
3944
3981
0
4011
3876
3972
3939
3919
4003
3958
3874
3954
0
3936
1088
3917
0
4050
4039
3973
3952
3954
3814
0
3876
3967
3936
3948
3880
3979
3908
0
0
3946
4010
3941
4015
4004
3971
4008
3980
3989
3988
0
4012
0
3993
3987
3977
4032
4007
4006
0
3983
3989
4017
3948
4018
4001
4012
3880
0
3960
3996
3997
0
0
4055
0
3990
0
3901
4043
4015
4024
3997
3963
0
1367
4026
4073
3995
0
4052
0
3976
4013
4002
4033
4028
4054
4035
4036
4035
0
0
4036
1506
4027
0
0
4021
0
4078
4046
4025
4023
4034
0
4078
4065
4070
4063
4069
0
4020
4030
4060
4030
4086
4053
4047
0
0
4044
4076
4084
4068
4047
4085
4021
1530
4023
4025
4063
0
0
4087
4088
4089
4092
4093
4096
4090
4094
4095
4097
0
4098
4102
4103
4106
4103
4101
4104
4098
4108
4106
4101
4111
4105
4113
4109
0
0
0
4103
0
4107
4107
4116
4118
2163
4120
4117
4132
4132
4133
4126
0
2211
4126
2221
0
2211
4126
0
4121
4120
0
4135
0
4134
4128
4125
4123
0
4142
0
4146
4139
4149
0
4130
4145
4138
4138
4144
4143
4158
0
4148
4157
0
4147
4136
4140
0
0
4149
4150
4160
0
4156
4164
0
4156
0
0
4156
4168
4165
4166
4166
0
0
4171
4169
4172
4176
0
2548
4190
4191
4179
4182
4182
4181
4194
0
4186
0
4188
4184
0
4184
4189
4183
0
4181
4195
4208
4236
4216
4236
4200
4224
4183
0
4215
2915
2915
4180
4206
2896
2798
4194
4224
4220
4246
0
4196
4209
4210
4200
4252
4217
4223
4249
0
4261
4246
0
4229
2884
4235
4222
4221
0
4254
4229
4230
4245
0
4220
4315
4217
0
4224
4279
4304
4219
4228
4336
0
4239
4255
4238
4279
4295
4253
4253
4257
4263
0
4258
4247
4310
4379
4256
4263
4305
4266
3040
0
4287
4424
4312
0
4272
4277
4278
4292
4349
0
4239
3001
4257
4245
0
4333
4287
0
4237
4271
4223
4237
4320
4317
0
4299
4281
4328
4286
4265
4264
4312
4313
4440
4315
4239
4424
4293
0
4321
4319
4297
0
4327
4287
4287
4334
4337
0
4315
4363
0
4340
4293
0
4275
4348
4346
0
4457
4361
4348
4373
4345
4386
4324
4306
4375
4355
4354
4354
4346
4282
0
4567
4355
4349
4389
4385
4305
4399
4401
4331
4313
4361
4270
4404
4439
0
4293
0
4366
4365
0
4361
4361
4377
4348
0
4282
0
4286
0
4421
4355
4541
4390
4566
0
0
4395
4389
0
4468
4503
4308
4434
4405
4331
4405
0
0
4484
4323
4361
4410
4410
4413
4293
4412
4414
4347
4373
4456
0
4268
4624
4351
4390
4457
4390
4459
4419
0
4395
4465
4390
4394
4466
4400
4404
4364
4332
4362
4413
4338
4294
4450
0
0
4425
0
4453
0
4378
4455
4426
0
4519
4267
4496
0
0
4469
0
4469
4410
4467
4439
4580
4475
4470
4443
4403
4530
4579
4506
4332
0
4446
4446
0
0
4475
4481
4515
4592
4559
0
0
4458
4415
0
0
4327
4399
4558
4470
4502
4445
4485
4411
4332
4338
0
4537
4489
4415
4520
4383
4497
4517
4612
4569
4543
4461
4474
4498
4575
4445
4547
4502
4552
4554
4362
4362
4531
4473
4535
4558
4536
4606
4537
3344
4635
4525
0
4577
4739
4399
4548
0
4521
4636
4443
4611
4613
4555
4506
4646
4482
4530
4561
4562
4563
4516
4490
4380
4623
4600
4603
4572
4542
4601
0
4632
4743
4619
4607
4655
4550
4661
0
0
4613
0
4555
4724
4586
0
4562
4594
4596
4599
4514
4628
4598
0
4593
4539
4607
0
4650
0
0
4659
4472
0
4585
4585
0
4444
4617
4618
4557
4620
4621
4647
4648
4622
4514
0
4627
4681
4604
4652
4634
4553
0
4611
0
0
4616
4577
0
0
4667
4646
0
0
4622
4721
4624
4590
4708
3327
4649
4708
4603
4651
4568
4634
4654
4682
4545
4608
4551
4658
4741
4581
4690
4663
4722
4730
4666
4553
4790
4647
4669
4557
4670
4671
4733
4673
4539
4652
4627
4629
4545
4676
0
4690
4692
0
4694
0
0
4645
4577
4787
4654
4699
4672
4666
0
0
4619
4785
0
4799
4673
4677
0
4679
4710
3344
4837
4682
4754
0
4688
4657
4774
0
4716
0
4722
4726
4851
4727
4736
4721
0
4597
4749
3381
0
4821
4701
4720
4782
4766
4716
4718
4745
4586
4746
4768
4775
4781
4749
4671
4794
4735
4729
4703
4734
4721
0
0
4631
4834
4758
0
0
0
4711
4776
4655
4723
4831
4805
4804
4695
0
4725
4746
4771
4772
4773
0
4769
4685
4716
4641
4641
4605
4699
4811
4780
4748
4785
4786
4788
4735
4731
4791
4678
4792
4795
4832
4767
4756
4798
0
4746
4838
4872
0
4803
4769
4750
0
4723
4807
0
4717
4811
4824
4771
4745
4846
0
4816
4878
0
0
4789
4827
4818
4830
4826
4850
4758
4802
4857
4841
0
0
0
4789
4783
4815
4773
0
4860
0
4800
4833
4832
0
0
4808
4775
4740
4804
0
4847
4730
4860
4851
4817
4831
4787
4844
4827
4870
4853
0
0
4857
4731
0
4859
0
4868
0
4880
4882
4862
4817
4809
4828
4863
0
4872
4875
4865
4840
4890
4893
4888
4889
4893
4891
4899
4892
4895
4901
4888
3445
4888
4901
4903
4896
4904
4905
4902
0
4903
4930
4907
4909
0
0
4902
4902
4914
4922
0
4924
3453
4930
4906
4919
4934
4915
3453
4924
4920
4921
4917
4931
4928
4925
3473
3454
0
3476
4926
4937
4939
3644
3648
4945
4950
4951
4943
4948
4971
0
4952
4959
4953
4954
4955
4953
4960
4956
4957
4968
4968
4952
4961
4954
0
4970
4957
5001
4970
4978
4969
4979
0
4962
4981
4980
4957
4981
4978
4964
4966
4992
4974
4989
4992
3679
4989
4996
4987
4974
4999
4998
4989
4999
