0
3499
3487
3518
2
2
0
6
6
17
20
3513
10
11
12
0
13
0
16
0
19
4
0
0
21
22
0
24
0
26
33
29
0
26
14
22
34
22
28
36
40
0
37
43
44
61
37
38
48
56
60
67
53
82
60
52
54
51
62
63
0
69
61
71
59
84
75
66
77
57
76
78
80
84
85
74
86
79
72
0
92
90
91
93
94
98
97
95
0
0
101
102
101
102
0
103
96
0
119
105
0
0
87
109
0
112
119
113
114
105
0
0
115
117
106
120
121
122
107
123
124
0
126
0
127
111
142
130
131
0
132
133
134
123
125
135
136
138
139
140
142
141
144
145
146
159
149
150
151
153
154
155
143
157
148
159
160
161
0
162
163
164
165
166
167
160
170
3677
171
172
173
174
175
176
178
179
180
181
182
183
184
185
186
187
188
189
190
191
192
194
3684
195
196
197
198
199
181
200
192
202
203
205
206
207
208
209
196
211
212
213
214
215
233
216
217
218
221
271
223
224
225
226
227
228
229
193
230
231
232
235
177
234
236
237
238
239
240
241
242
292
244
245
246
247
248
249
250
251
252
253
0
254
255
256
257
177
259
238
261
262
263
264
305
265
266
303
267
269
270
272
273
274
276
277
278
279
280
281
282
283
284
285
286
287
288
289
290
291
292
293
294
295
296
275
298
299
300
301
302
303
304
306
307
308
309
310
0
311
312
322
330
313
314
315
331
317
318
319
320
321
324
294
297
326
327
328
329
0
0
332
333
334
335
336
337
338
339
340
297
341
342
343
330
345
346
347
348
349
351
352
353
354
355
356
357
358
359
360
361
362
363
363
365
366
367
369
369
379
370
370
371
372
383
373
361
375
376
377
378
350
379
406
381
382
384
385
386
387
388
389
376
364
391
392
393
394
406
382
395
396
397
398
399
383
400
401
389
402
403
368
403
368
405
426
409
410
411
412
413
414
427
415
416
417
418
419
364
420
421
422
434
424
460
425
0
0
429
430
424
433
435
436
437
438
438
440
452
443
432
445
446
447
448
449
450
454
451
432
455
456
457
458
459
461
462
463
431
453
464
465
467
468
469
470
471
472
473
463
475
476
477
478
479
480
481
451
483
453
452
486
453
0
489
490
491
466
492
493
472
495
496
497
499
500
501
502
504
498
505
506
506
507
508
509
510
511
512
513
514
515
516
517
507
518
519
521
522
524
524
525
452
0
527
582
528
529
530
531
532
533
534
535
503
535
537
538
539
540
541
0
544
0
523
546
547
522
549
549
518
552
0
553
554
520
526
582
557
558
559
560
561
562
563
564
565
566
567
568
569
570
571
572
573
574
575
576
577
578
579
580
0
583
584
584
0
587
589
556
592
593
594
595
596
599
601
603
604
605
606
607
608
609
606
611
612
613
616
588
581
612
616
0
614
591
591
619
620
621
623
600
624
623
607
627
629
660
618
581
0
629
633
634
635
636
618
637
638
639
640
669
641
0
637
0
647
648
649
650
651
652
653
654
702
625
612
0
606
629
704
662
629
664
665
666
707
667
664
669
0
671
644
673
597
675
656
677
678
679
682
681
660
686
715
0
690
639
693
670
0
646
672
699
700
655
701
0
661
705
706
727
687
708
709
710
639
712
713
714
0
759
695
711
718
698
719
766
720
721
745
722
680
657
726
728
748
703
0
728
754
729
732
733
0
738
739
0
0
741
741
761
696
738
736
746
747
724
725
750
754
725
0
754
0
697
756
757
751
735
758
0
761
737
762
763
0
766
802
0
805
711
769
781
771
772
773
774
775
776
746
778
0
781
782
784
785
786
787
788
789
793
794
792
753
800
798
828
682
0
830
739
764
805
806
807
840
779
809
811
789
813
813
815
817
818
819
794
821
822
824
825
826
827
795
852
914
829
0
832
833
834
857
808
837
839
0
804
815
816
810
843
0
816
845
846
874
875
848
831
831
851
853
878
827
854
855
856
0
836
859
1226
860
861
0
0
841
863
0
820
864
894
846
866
867
868
869
844
844
913
0
872
873
871
876
877
879
880
882
882
885
921
886
857
766
891
902
886
893
895
896
900
901
903
904
932
906
907
908
909
910
911
912
0
915
997
0
884
918
919
920
850
923
0
935
884
926
927
891
930
931
926
925
861
898
934
900
937
940
0
0
0
943
904
945
946
947
908
939
941
951
0
952
953
954
955
905
957
958
961
963
964
0
965
966
967
946
972
973
974
1055
975
976
977
972
972
1176
0
983
984
1064
946
987
3943
3943
988
907
0
991
1178
1061
1061
0
993
994
1073
996
1179
998
999
1000
1026
1003
1004
958
0
1006
940
942
929
1009
1010
1011
898
1013
1014
1015
1016
1017
1018
1019
1020
1022
1023
1024
1059
945
1026
1027
981
1029
1021
1030
1031
1058
1032
960
1035
0
1037
1038
1039
1040
1041
1042
1043
1055
1044
1045
969
1048
1049
1048
1051
1052
1053
1054
975
1057
0
1047
1061
1079
985
957
1065
1067
1176
1048
1070
1072
1063
1173
1061
1075
1076
1078
1272
1080
1081
1082
1083
1084
1061
1089
1087
1088
0
1090
1179
1091
1325
1089
1098
1095
862
1100
1099
1096
1096
1102
1011
1001
927
1107
1102
1109
1130
1111
1130
1134
1115
1112
1134
1116
1117
1216
0
1119
1119
1120
1121
1122
1123
1124
1126
1127
1128
1224
1106
0
1130
1131
1131
1132
1133
1134
1147
1136
1137
1138
1139
1141
1142
0
1143
1144
1145
1146
1135
0
1149
1150
3990
1151
1051
1153
1157
1143
1163
0
1161
1156
1052
1164
1166
1167
1046
1169
1170
1171
1172
1173
1174
1177
0
1179
1180
1181
0
1065
1272
0
0
1194
1091
1190
1192
1195
1187
1199
1200
1125
1202
1204
1205
1206
0
0
0
1209
1211
1212
1213
1111
1197
1208
1114
1100
1118
1217
1218
1011
1196
1221
1222
1223
1286
1225
0
1227
1229
1230
1231
1134
1232
1233
1234
1236
1238
1239
1240
1241
1242
1243
1244
1245
1246
1046
1248
1247
1249
1251
1156
1250
1253
1165
1254
1255
1256
1257
1160
1154
0
1259
0
1071
1190
1263
1264
1395
1265
1266
1260
1263
1208
1270
1271
1274
1275
0
0
1343
1277
1278
1279
1280
1282
1283
1284
1285
1289
0
1290
1291
0
1293
1294
1295
1296
1297
1298
1299
1300
1301
1302
1303
1304
1370
1306
1307
1308
0
1169
1247
1313
1315
1316
0
1317
1318
1319
1320
1321
1182
0
1324
1325
1261
1328
1329
1330
1331
1333
1334
1335
1208
1337
1332
1203
0
1281
1340
1203
0
1280
1344
1345
1347
1286
1348
1225
1416
1408
0
1290
1355
1299
1293
1358
1360
1361
0
1362
1299
1364
1365
1366
1367
4052
1368
1371
1372
0
1375
1381
1306
1377
1378
1373
1380
1382
1383
1384
1388
1386
1387
0
1389
1391
1392
1326
1393
1394
1395
0
1396
1397
1398
1399
1342
1402
1404
1344
1406
1409
0
1527
0
1346
1411
1495
1412
1413
1348
1417
1418
1419
1420
1421
1422
1425
1426
1363
1428
1369
0
1427
1430
1359
1432
1387
1436
1437
1438
1439
1374
1442
1443
0
1446
1522
1381
1447
1448
1449
0
1388
4096
0
0
0
0
1453
0
1457
1458
1399
1400
1460
1461
1474
1342
1464
0
1351
1351
1466
1403
1468
0
1471
1458
1454
1412
1475
0
1475
1477
1478
1479
1434
1538
1482
1483
1484
1485
1486
1361
1490
1289
1492
0
1493
0
1496
0
1497
1498
1504
1499
1500
1410
1502
1503
0
1505
1420
1433
0
0
1510
0
1432
0
1443
1445
1514
0
1381
4106
1517
1524
1518
1519
1566
1520
1489
1522
1456
0
1525
4109
1452
1452
0
0
1455
1529
4102
1530
0
1458
1534
1535
1464
1465
1540
1636
1476
1580
0
1542
1543
0
1544
1545
1487
1548
1549
1551
1552
1553
1554
1555
1556
1501
1557
1558
1509
1567
1560
1561
1562
1563
0
1565
1633
1566
1569
1570
1571
1521
1539
1536
1575
1576
1578
1580
0
1546
1582
1585
1587
1581
1588
1589
1590
1591
0
1593
1594
1556
1596
1597
1598
1599
1616
1602
1603
1604
1605
1606
0
1608
1609
1610
1612
1613
1614
1615
0
0
1617
1618
1619
1620
1611
1621
1622
1623
0
1624
1625
1626
1627
1561
0
1629
1630
1631
1632
1568
0
1634
1635
1637
1638
1639
1640
1582
1577
1644
1645
0
1646
1647
1582
0
1653
1650
1654
0
1655
1656
0
1614
1659
1660
1661
1662
1664
1665
1666
1780
1667
1635
1635
1671
1672
1637
1608
1676
1657
1678
0
1679
1538
1682
1684
1686
1687
1688
1689
1663
1690
1691
1693
1694
1678
1696
1697
1657
1720
1700
1701
1703
1705
0
1707
1708
1709
1711
1637
1713
1714
1715
1579
1715
1717
1718
1719
1722
1723
1648
1725
1741
1683
1728
1727
1731
1731
1733
1730
1734
1735
1710
1738
1715
1739
1739
1718
1744
1745
1747
1748
1749
1750
1751
1752
1727
1754
1755
1692
1757
1758
1758
1761
1762
1760
1763
1764
1765
1766
1767
1768
1769
1772
1771
1772
1773
1774
1775
1776
0
1777
1779
1781
1782
1783
1785
1786
1787
1788
1789
1792
1793
1794
1795
1796
1798
1799
1790
1800
1778
1801
1802
1803
1811
1804
1805
1806
1807
1808
1809
1810
1812
1813
1814
1815
1816
1817
1818
1819
1820
1821
1822
1823
1824
1825
1826
1827
1828
1829
1830
1831
1832
1833
1834
1835
1836
1837
1838
1839
1840
1841
1842
1843
1844
1845
1846
1847
1848
1849
1850
1851
1852
1853
1854
1855
1856
1857
1858
1859
1860
1861
1862
1863
1864
1865
1866
1867
1868
1869
1870
1871
1872
1873
1874
1875
1876
1877
1878
1879
1880
1881
1882
1883
1884
1885
1886
1887
1888
1889
1890
1891
1892
1893
1894
1895
1896
1897
1898
1899
1900
1901
1902
1903
1904
1905
1906
0
1907
1908
1909
1910
1911
1912
1913
1914
1915
1916
1917
1918
1919
1920
1921
1922
1923
1924
1925
1926
1927
1928
1929
1930
1931
1932
1933
1934
1935
1936
1937
1938
1939
1940
1941
1942
1943
1944
1945
1946
1947
1948
1949
1950
1951
1952
1953
1954
1955
1956
1957
1958
1959
1960
1961
1962
1963
1964
1965
1967
1968
1969
1970
1971
1972
1973
1983
1984
1974
1974
1976
1955
1978
1979
1980
1981
1982
1983
1985
1986
1987
1988
1989
1983
1992
1993
1994
1966
1996
1997
1998
1999
2000
2001
2002
2001
2004
2005
2006
2007
2018
2009
2010
2011
2012
2013
2014
2015
2016
2017
2019
2020
2029
2022
2023
2024
2025
2026
2027
2028
2030
2031
2032
2033
2034
2035
2036
2037
2037
2039
2040
2041
2042
2043
2044
2045
2046
2047
2048
2049
2050
2051
2052
2053
2054
2055
2056
2047
2058
2059
2060
2061
2062
2063
2064
2065
2066
2067
2068
2069
2070
2071
2072
2073
2074
2075
2076
2077
2078
2079
2063
2081
2082
2083
2084
2085
2072
2087
2088
2090
2058
2092
2093
2094
2095
2096
2097
2098
2099
2100
2101
2102
2103
2104
2105
2106
2107
2108
2109
2110
2099
2112
2113
2114
2114
2116
2117
2118
2123
2120
2121
2122
2118
2119
2124
2125
2126
2127
2128
2129
2116
2131
2132
2122
2134
2135
2136
2137
2138
2139
2140
2140
2142
2143
2144
2145
4124
2147
2148
2149
2150
2151
2152
2153
2154
2155
2156
2157
2158
2159
2160
2161
2162
2163
2164
2165
2166
2167
2168
2169
2170
2171
0
2172
2173
2174
2175
2176
2178
2179
2180
2181
2182
2177
2183
2184
2185
2186
2187
2188
2189
2190
2191
2192
2193
2194
2195
2196
2197
2198
2199
2200
2201
2202
2203
2204
2205
2206
2207
2146
2209
2210
2212
2213
2214
2215
2216
2217
2218
2244
2219
4150
2223
2248
2224
2226
2227
2228
2229
0
2230
4153
2231
2222
2234
2236
2237
2238
2239
2239
2240
2241
2243
0
2245
2232
2289
2247
2248
2249
2250
0
2252
0
2254
2263
2255
2256
2242
2259
2260
2261
2262
2262
2251
2284
2258
2266
2253
2270
2246
2273
0
2275
2276
2277
2278
2280
2281
0
2279
2283
2312
2285
2287
2286
2307
2290
2291
2251
2292
2236
2293
2294
0
0
2296
0
0
2298
0
2303
2367
2301
2308
2265
2312
0
2307
2257
2273
2310
2312
0
0
2317
0
2315
2319
2295
0
2321
2322
2323
2325
0
2330
2329
2332
2333
2297
2334
2341
2355
2335
2361
2338
2339
2353
2340
2303
2300
2368
2341
0
2311
2257
0
2345
2346
2251
2349
2348
2351
2425
2383
2354
0
2356
2357
0
2358
2359
2360
2361
2302
2363
2365
0
2366
0
2366
2374
2307
2375
2376
2344
0
2377
2316
2420
2378
2347
2382
0
0
2353
2384
2385
0
2352
2388
2389
2390
2391
2392
2305
2331
2443
2395
2369
0
2403
2398
2372
0
0
2403
2403
2373
2399
2407
0
0
0
2411
2451
2402
2413
2414
2405
2415
0
2416
2417
2380
2420
0
2381
2422
2423
2424
2426
2427
2428
2387
2429
2488
2386
2433
2434
2331
2435
2436
2437
0
2439
2440
2442
2444
2445
2401
2447
2403
2449
2450
2446
2402
2409
2453
2455
2459
2410
2453
2414
2380
2454
2464
2465
2466
2419
2468
2421
2470
2466
2472
2473
2474
2474
2475
2476
2477
2505
2384
2427
2480
2482
2484
2485
2486
0
2487
2430
2489
2491
2444
2439
2442
2443
2446
2497
2533
2534
2498
2499
2536
2501
2465
2502
2463
2504
2549
2507
2508
2509
2510
2511
2512
2513
2514
2516
2543
2483
2518
2519
2488
2520
2522
2523
2524
2525
2526
2526
2529
0
2531
2532
2533
2534
2536
2537
2538
2579
2540
2506
0
2542
0
2544
2545
2509
2547
2504
2548
0
2621
2575
0
4206
2550
2552
2553
2554
2514
2555
2556
2557
2558
2559
2558
2561
2563
2527
2528
2564
2562
2567
2569
2570
2612
2571
2573
2574
2504
2576
2546
2578
2580
2581
0
2584
2585
2586
2587
2588
2583
2551
2592
2657
2590
0
2594
2566
2597
2562
0
2599
2600
2601
2602
2603
2604
0
2605
2607
2608
2609
2610
2611
2615
2574
0
2613
0
2572
2616
0
2618
2619
2550
2684
2550
0
2623
2624
2625
2601
2629
2630
2628
2605
2632
2633
2573
2635
2636
2573
2638
2639
2673
2631
2642
2643
2645
2646
2647
2578
2649
0
2614
2650
2652
2617
2654
2655
2656
2626
2657
2658
2659
0
0
2663
2665
2666
2668
2669
2669
2671
2672
2608
2675
2677
2759
0
2673
2678
2651
0
2681
0
2721
2719
2685
2686
2687
2688
2689
2690
2701
2691
2737
2661
2660
2662
2693
2695
2697
2698
2700
2702
2704
2705
2705
2676
2709
2710
2714
2711
2631
2712
2715
0
2716
0
2718
2797
2717
2719
2722
2723
2724
2763
2682
2725
2726
0
0
2728
2729
0
2732
2733
2694
2735
2664
2737
2663
2741
2743
2699
2749
2744
2745
2746
2747
2748
2749
2707
2751
2703
0
2753
2754
2756
2758
2760
2724
2764
2765
2765
2722
2767
2768
2771
2772
2808
2775
2774
2775
2731
2777
2778
2780
2781
0
2783
2784
2757
2757
2786
2787
2788
2790
2791
2789
2792
2793
2794
2796
2720
0
2798
2799
2800
2802
2803
2804
2805
2806
2770
0
2833
2808
2814
2810
2886
2811
0
2880
2816
2817
2818
2819
2815
2820
2779
2740
0
0
2738
2823
2822
2824
2867
2791
2826
0
2795
0
2870
2727
2830
0
2831
2833
2834
2818
2837
2801
2764
2872
2796
2844
2845
2846
2893
2844
0
2849
2850
2851
2853
2854
2840
2858
2857
2858
2859
2860
2861
2862
0
2823
2822
2782
2864
2823
2865
2866
0
2911
2868
2869
0
2871
0
2964
2834
2914
2881
2885
2887
2890
4256
2891
2924
2940
2890
2892
0
2897
2894
2841
0
2896
4238
2900
2866
2950
2903
2902
2904
2905
2906
2884
2908
2909
2912
0
2913
2915
2871
2919
2831
2921
2987
2878
2923
2882
2925
2926
2927
2928
2977
2931
0
2889
2933
2815
2935
2936
2937
2938
2939
2941
2848
2993
2942
0
0
2946
0
2898
2950
2951
0
0
3014
2953
2930
2884
2903
2956
3008
0
2977
2879
2962
2876
2966
2967
2873
2874
2877
2970
2971
2972
3160
3072
2973
2974
2888
3040
2982
3038
2979
0
0
2980
0
2983
2984
3049
3050
2891
2989
2990
2989
2932
2992
3051
2994
2944
0
2998
2999
3000
0
0
3041
4331
3067
3003
3001
3129
3005
3015
3007
3008
3003
2959
3011
3012
3075
2907
3139
3016
3018
2965
2916
3021
3022
3023
3024
3025
3026
3027
0
3092
3032
3033
3035
2935
2974
2979
3034
3155
0
0
4450
2941
2985
3044
3067
3045
3048
2945
2937
3049
3054
2947
3134
2996
4331
3111
3057
3060
3060
3063
0
3075
3056
3066
0
3069
3129
3005
3017
3128
3021
2975
4342
3078
3079
3140
3024
3030
3031
3084
3085
0
3087
3088
3090
0
0
3037
3160
2976
0
3095
3093
3102
0
3103
3100
3046
3101
0
0
3225
2992
3105
3114
3114
3054
3178
3162
3111
3118
3119
3113
3053
2992
3124
3125
3126
3053
0
3130
3117
3240
3133
0
3128
3069
3184
3192
3138
0
3078
3192
3081
0
3143
3201
3144
3083
3145
3146
3094
3091
0
3152
3091
3153
0
3156
0
0
4450
3097
0
3115
0
3098
3163
3164
3096
2998
0
3115
3177
3148
3227
0
3230
3177
0
3173
3179
3180
3130
3089
3123
3134
3174
3175
3175
3186
3191
3193
3193
3196
3137
3245
3199
3147
3241
3202
3203
3255
3205
3210
0
3081
3149
3083
3261
0
3263
3212
3213
0
3153
3216
3217
3157
3218
3115
3214
3272
3221
0
3222
3179
3223
3167
3226
3327
3229
0
3174
3174
3232
3285
0
3191
3235
3189
3242
3132
3135
3244
3241
3242
3299
3251
3304
3249
3273
3266
3252
3206
3256
0
3252
3210
3212
3147
3265
3216
3308
3270
3271
3272
3274
3275
3276
3274
0
3355
3278
3323
3226
3230
3222
3328
3291
3287
3187
3180
3298
3289
3227
3250
3296
3243
3300
3345
3301
3258
3196
3298
3306
0
3315
3310
3311
3312
3313
3211
3315
3316
0
0
3317
3318
3214
3308
3308
3320
3370
0
3357
3323
0
3226
0
3276
3333
3335
3337
3291
3239
3293
3298
3337
0
3301
3307
3310
3257
0
3353
3354
3330
3358
3357
3282
3339
3312
3363
3348
3352
3365
3366
4551
3352
3348
0
3391
3373
3374
3358
0
0
3376
3333
0
3378
0
0
3414
3366
3381
3382
3383
3382
3385
3386
3387
3390
3393
3394
3395
0
3391
3396
4655
3373
3376
3401
3402
3412
3405
3406
3407
3408
3409
3410
3410
3437
3413
3415
3416
3417
3388
3388
3420
3421
3422
3423
3423
4837
3425
3459
4866
3428
3408
3399
3399
3432
3404
3411
3434
3435
3436
3439
3437
3411
3417
3443
3444
3443
3441
0
3447
3448
3450
3437
3440
3439
3452
3455
3456
3457
3458
3420
3460
3447
3448
3463
3464
3457
3455
3460
3469
3469
3435
3475
3473
3471
3476
3472
3472
3474
4920
3477
3483
3478
0
4925
3488
3481
3486
3481
3489
3497
0
3503
3493
3487
3489
3496
3511
3498
0
3495
0
3502
3527
3507
3490
0
0
0
3527
0
3506
3504
0
3515
3515
17
5
0
0
3520
3509
3510
0
3533
3505
3525
0
3510
3501
0
3519
3535
3540
3533
3529
3557
3531
3534
0
3506
3526
21
27
3538
3549
3536
3552
3541
3542
3543
3557
3558
3544
3546
3541
3534
3548
3567
3546
0
3551
3563
3553
3561
3542
3554
3556
0
0
3555
0
50
0
3559
3574
3576
3565
3550
3563
3564
3568
3580
3585
3570
3570
3590
3578
0
3593
0
3587
3597
3591
3572
3592
3581
3599
0
3583
3595
3593
0
3618
3609
0
3603
3575
3594
3596
0
3615
3600
3589
3581
3605
3605
3607
0
3614
3618
3608
3610
3622
3612
3615
3622
3604
3616
0
3618
3627
3621
3619
3613
3630
3624
0
3625
3620
3633
3629
3627
3617
4946
3631
3626
0
3634
3636
3637
3638
3604
3640
3643
0
4946
3604
3646
3647
3662
3656
3645
4954
3635
3662
3654
120
3656
3649
3657
3646
3645
3659
3665
4948
3664
3659
3666
4965
3667
3663
3674
0
3664
3668
3681
0
0
0
3686
3679
0
3682
3682
3685
204
0
3675
3687
3689
3690
3691
3692
220
3694
3699
3699
3696
0
3708
3700
3702
3703
0
3696
3709
0
3710
3705
3711
3701
3718
3712
3714
3713
3714
3706
0
3707
3719
0
3721
3722
3729
3733
3732
3747
3723
3727
3753
3729
3744
3742
3746
0
3726
3728
3740
0
3731
3772
3756
3748
3734
3760
3785
3749
3737
0
3725
0
0
0
3747
3746
3747
3749
0
3721
3750
3757
3754
3758
0
3749
3804
3778
3753
3745
3741
3771
3774
3761
3816
3787
3764
3791
3756
3773
3751
3809
3783
3786
3806
3781
3805
3755
3770
3795
3863
3759
3833
3747
3763
3889
3763
3802
0
3789
3806
3782
3808
0
3823
3794
3759
3808
3796
3739
3796
0
3739
3817
3770
0
3789
3822
3823
3840
3825
3805
3843
3828
3808
0
3759
3808
3795
3814
3803
0
3872
3789
0
3915
3828
3756
3811
3823
3863
3845
0
3847
3796
3851
3891
3850
3853
3855
3856
3857
3843
3859
3860
3859
3845
3797
3864
3808
3867
3847
3838
3868
3899
3848
3871
3987
3820
3872
4001
3858
3874
3875
3876
3859
3898
3828
3839
3880
3828
3885
3769
3886
3797
3886
3888
3891
3890
3934
3834
0
3894
3876
0
3897
3915
3903
3890
3800
3848
3997
3907
3819
3876
3912
3842
3913
3914
3842
3916
3888
3885
3901
3919
3904
3902
0
3923
3892
3925
3942
0
3950
3931
3932
3934
3872
0
4016
3937
0
3884
3942
3941
0
3919
3945
0
3971
3933
1081
3901
0
3952
3971
3957
3955
3933
0
4001
4004
4008
3955
3981
3916
0
3974
3962
3974
3929
3949
3967
3911
3971
3980
0
3992
3993
3982
3970
3876
1041
3979
3884
3940
3982
3974
3982
3988
4028
4048
3952
3819
4007
3992
3915
0
3964
3982
3963
3933
4002
3966
3893
3988
0
4039
4018
4030
3946
0
3972
4044
0
3923
3964
3997
0
4012
4022
4025
4049
4018
4023
3989
4095
4057
4033
4045
4039
4023
3983
4086
3976
4000
4033
4101
4021
4010
4045
0
0
0
4055
4048
4080
0
0
0
4007
4027
4103
4057
4019
4017
4050
4062
4063
4059
4056
4091
1451
0
4071
4073
4075
4076
1433
4080
4088
4076
4103
4027
4054
4068
4084
4070
4094
4094
4086
4040
4095
4060
4089
0
4035
4060
0
4087
4091
0
4054
4073
4110
4094
0
0
4098
4097
4077
4100
4098
4068
4043
4068
4081
0
0
4074
0
4109
0
4110
4110
4112
4107
4116
4113
4118
4121
4120
0
4119
0
4122
4126
4123
4130
4133
4130
4133
0
4128
4129
0
4136
0
4142
4131
4134
4134
4132
4132
4138
0
4143
4145
0
0
2221
0
4149
4171
0
4150
0
4148
4155
4156
0
0
4149
4147
0
0
0
0
4187
4172
4166
4174
4169
4167
4173
4184
4182
4165
0
4179
4176
4177
4180
4176
4169
4180
4202
4185
0
4164
0
4194
4189
4190
4186
4192
0
4197
0
0
4195
0
4196
4203
4196
4193
2481
4204
0
0
0
4210
4226
4211
4207
4213
4212
4208
4208
4230
4219
4248
4224
4214
0
4239
4225
0
4227
4208
4227
4221
4207
4221
4248
2921
0
0
0
4240
4259
4228
4217
4228
4221
4223
4232
4249
4273
0
4254
4264
4241
4260
4287
4274
4274
4207
4250
4296
0
4265
4254
4270
4228
4240
4242
4229
4319
4271
0
4271
4235
4273
4231
0
0
4253
4263
4217
4246
4301
4269
4247
4289
4275
0
4311
4309
4308
4263
0
4252
4252
4291
4313
4266
0
4315
4298
4338
4341
4318
4297
4299
4291
4346
0
0
4303
0
0
4293
4325
4266
4308
4325
4329
4336
4266
2981
4336
4301
4284
4321
4416
4286
0
4320
4253
4328
4349
3121
4276
4293
4354
4294
0
4336
4306
4294
4290
4381
4340
4337
0
4302
4276
4420
4322
0
4364
4391
4320
0
4401
4430
4354
4351
4283
4408
0
4414
4358
4385
4339
0
0
0
4344
4385
0
4369
4321
4366
0
0
4372
4431
4371
4437
4376
3170
4497
0
4374
4396
4437
4354
4358
4337
4415
4423
4455
4386
4452
4417
4368
4423
4391
4371
4371
4287
4396
4395
0
4324
4376
4397
4441
4350
0
4366
4324
4400
0
0
0
4441
4329
4355
4399
4334
4355
0
4525
0
4355
4355
4483
4507
4413
4382
4539
4421
4516
0
4322
4390
4344
4423
4451
0
0
4457
4435
0
4456
4636
4378
4445
0
4405
0
4441
4442
4469
4443
4443
0
4330
0
4399
4483
4451
4383
4355
4358
4414
4358
4384
0
3245
4516
0
4591
4488
4461
4456
4344
4321
4499
4429
0
4473
0
4467
4526
4370
0
0
4443
4504
4473
4315
4382
4446
0
4449
4510
4478
0
0
4613
4519
4474
4481
4451
4461
4461
0
0
4545
4459
4408
0
4560
4415
4481
4474
4544
4569
0
4499
0
3374
3223
4506
0
4479
0
4415
4488
4509
4362
4478
0
0
0
0
4454
4591
4519
4366
0
4600
4462
0
4657
4427
0
0
4439
4479
4492
4488
4529
4529
0
0
4613
4533
4495
4539
4455
4533
4468
4571
4466
4400
4573
4469
4404
4658
4550
4507
4610
3350
4513
4512
4556
4585
4645
0
4592
4515
4559
4559
4623
4542
4523
4466
4537
4565
4566
4494
0
4604
4326
4522
4444
4469
3281
0
4550
4611
4527
0
4586
4362
4532
0
0
4561
0
4589
4491
4590
4563
4592
4569
4596
4565
4594
4605
4543
4594
4597
4734
4570
4575
4632
4601
4573
4574
4607
0
0
4583
4640
4623
4585
0
4577
4614
4591
4563
4619
4617
4621
4633
4662
4624
4626
4627
4490
4630
4623
4637
0
4639
4604
4715
4576
4642
0
4553
4644
4645
0
4609
4615
4728
4676
4623
4623
4701
4628
4686
4625
4656
0
4651
0
0
4672
4549
4582
0
0
4593
4619
4700
4795
4670
4615
4817
4629
4675
4676
4677
4678
4679
4702
4681
4674
4572
0
0
4761
4713
4686
4547
4664
4444
4639
4850
4696
4586
4773
0
4699
4662
4649
4703
4648
4735
4547
4672
4705
4706
4702
4707
4604
4745
4681
4742
0
4713
0
4715
4716
3397
4661
3397
4692
4664
4785
4697
4721
4722
0
4720
4671
4541
0
4777
4730
4733
4706
4791
4852
4736
4745
4803
4712
0
0
0
0
4660
4813
4687
4706
4668
4785
4726
4772
4619
4691
4739
0
4791
4648
4735
4749
4720
4758
4817
4839
4744
4690
4610
0
4716
4768
0
4787
4770
4784
4763
4821
4778
4775
4781
0
0
0
0
4787
4785
4788
0
4714
4816
4745
0
4793
4875
4794
4833
4673
4796
4797
4867
4790
4760
4771
4741
0
4634
4805
4762
4831
4812
4846
4753
0
4750
4870
4879
4773
4820
4781
4697
4820
4823
0
4860
0
4822
4875
4825
4868
4825
4819
4812
4834
4832
0
4795
4740
4766
4804
4877
4838
4805
4879
4764
4765
4829
0
0
4777
4753
0
4850
4729
4896
4875
4766
4862
0
0
4869
4831
0
4846
4849
0
4890
0
4860
4894
4892
4830
0
0
0
4810
4867
4895
0
4874
4890
4860
4881
4883
4859
4863
4877
4885
4882
4880
0
0
4893
4881
4894
4902
4898
0
0
4903
4897
4897
4907
4904
4902
3471
4906
4898
4914
4918
4909
4910
4930
4924
0
0
4912
4910
4909
4926
4918
4917
4923
4925
4915
4924
4928
4932
4935
4940
0
4939
0
0
0
4929
3507
4921
4943
0
0
4936
3500
3502
4944
0
3650
4949
0
3656
4961
3652
0
0
0
4956
4949
4953
0
4964
4967
4959
4950
0
4973
4973
4994
4962
4951
4966
4971
4960
4966
4976
4980
4969
4979
4974
4963
4959
4963
0
3681
4968
4982
4977
4981
4990
4988
4969
3708
3709
4980
4973
0
0
4999
4990
4988
4995
0
3708
0
4991
4999
4998
4987
4987
4992
