0
3481
0
0
4
4
3491
14
14
7
8
10
11
3480
12
3484
13
27
16
0
18
3
25
0
22
38
24
26
27
29
37
32
25
29
36
38
39
38
31
49
43
44
50
58
46
47
50
42
0
52
53
54
55
56
53
59
60
63
64
0
66
81
47
72
73
88
75
76
77
57
83
69
80
88
0
74
85
86
87
100
89
0
92
91
94
97
98
99
100
101
103
104
103
104
95
105
96
107
106
108
109
122
131
111
113
115
106
116
0
108
109
123
125
133
127
128
129
130
124
132
121
135
136
137
126
138
139
140
0
90
142
143
144
132
146
147
148
149
150
151
139
152
166
155
156
170
158
159
161
163
164
165
167
168
157
170
171
172
0
173
174
175
176
177
184
171
180
181
182
183
185
186
187
188
189
190
191
192
193
194
195
196
197
198
199
169
201
202
203
205
0
207
208
200
210
211
192
213
203
214
215
216
217
218
219
220
208
222
223
224
225
226
244
227
228
229
231
232
233
234
235
236
237
238
239
204
240
241
243
245
269
242
247
248
249
250
251
252
246
0
254
255
256
257
258
259
260
261
262
264
310
263
267
268
266
269
270
249
272
273
274
275
276
277
278
300
212
280
281
282
283
284
286
265
287
288
290
291
292
293
289
295
296
297
298
299
301
302
0
305
306
307
308
285
309
311
312
314
315
300
316
318
319
320
321
337
310
322
323
366
340
324
294
325
341
327
328
329
330
331
332
306
334
335
336
338
339
0
0
342
343
344
345
346
379
304
317
347
334
333
349
350
340
351
352
353
374
354
357
358
359
360
361
362
363
380
365
367
368
369
0
0
371
372
373
375
375
385
376
376
377
378
409
0
368
381
382
399
384
356
385
415
387
388
389
390
391
392
393
394
382
397
398
400
401
402
415
388
403
404
405
407
408
409
410
406
394
411
412
396
412
396
414
425
418
419
420
421
422
423
424
426
427
428
429
430
397
431
432
433
445
435
467
437
438
439
440
441
435
444
446
447
448
449
449
451
493
453
454
473
455
456
457
458
459
462
460
454
452
463
464
465
466
468
469
470
442
471
472
501
476
477
478
479
480
481
482
470
484
485
486
487
488
489
490
460
492
471
493
495
471
0
498
500
0
474
502
503
481
505
0
506
507
508
509
510
512
514
513
515
515
516
517
518
519
520
521
522
523
524
525
526
516
527
528
530
559
532
532
533
493
529
535
536
499
537
538
539
540
541
542
543
511
543
545
547
548
549
550
551
553
554
531
555
557
559
560
560
527
611
563
564
565
589
534
536
566
567
568
569
570
571
572
573
574
546
556
577
575
630
576
578
579
580
581
582
583
584
585
586
0
587
588
588
0
0
591
592
593
594
595
596
597
600
601
603
604
605
606
607
608
609
606
0
634
612
617
614
615
634
617
619
637
621
621
622
623
624
627
625
626
627
607
631
633
635
613
615
638
633
640
641
642
643
613
620
644
645
646
647
648
619
620
0
652
653
654
655
656
657
658
659
662
628
634
664
606
633
685
668
633
670
672
673
0
675
670
647
677
679
650
680
598
681
661
682
683
727
663
0
635
686
710
689
691
645
693
694
678
651
0
697
698
660
699
700
636
0
704
732
687
707
708
709
645
712
713
714
715
768
716
738
718
696
746
804
743
745
719
723
701
726
728
760
729
666
731
760
755
734
711
736
737
739
740
741
695
744
744
806
747
739
750
781
751
752
763
757
755
763
832
755
684
764
0
765
733
801
766
767
806
0
742
770
771
804
717
0
840
738
0
785
775
776
777
778
779
780
781
782
783
785
786
787
788
789
790
791
815
792
823
758
793
799
796
831
663
803
862
740
805
840
809
810
811
812
813
814
815
817
817
819
820
821
822
823
824
825
827
828
829
830
0
858
833
834
798
920
0
808
837
838
0
841
842
0
819
844
846
847
848
844
850
845
888
889
854
855
855
857
859
863
830
802
864
866
0
900
870
901
0
911
0
910
872
873
874
875
0
906
845
877
878
879
880
881
881
883
884
885
886
887
891
892
895
0
896
896
897
928
898
837
804
902
903
898
905
907
908
941
913
876
836
937
916
917
918
919
0
923
921
922
0
924
1004
925
893
926
927
890
929
1017
940
925
931
0
902
935
936
931
1023
911
938
939
941
942
944
945
946
947
949
836
951
952
953
918
943
956
957
958
959
960
0
961
915
963
965
966
968
969
970
971
972
973
952
974
975
976
1069
977
978
979
974
974
984
985
986
987
989
952
991
992
992
993
917
996
997
998
999
999
0
1000
1001
1002
1005
1006
1007
1008
1009
1011
3945
1013
965
1016
1018
944
1020
948
1021
1022
1108
938
1029
1030
1031
1032
1033
1034
1035
1036
1038
1039
1040
1041
951
1011
1044
1045
1046
1037
1047
1048
1049
1050
1052
1053
0
0
1056
1057
1058
3968
1059
0
1069
1061
1062
0
1064
1065
1064
1068
1067
0
0
977
1071
1072
0
999
1074
988
963
1082
1078
984
1064
995
1080
1081
981
999
1084
1086
3932
1186
1088
3958
3995
1089
1090
999
1095
1093
1094
1092
0
1006
1099
1330
1095
1101
1102
1103
0
1015
1104
1104
1107
1108
1010
0
1110
1107
1112
1113
1114
1113
1142
1118
1119
1142
1121
1122
1214
1125
0
0
1127
1128
1129
1130
1131
1132
1133
1134
1025
1109
1026
1113
1115
1115
1140
1141
1142
1143
1144
1145
1124
1147
1148
1149
1150
1151
1152
1153
1154
1155
1156
1158
1159
1160
1161
1068
1054
1164
1151
1170
0
1168
1163
1067
1171
1172
1173
1063
1174
1175
1176
1177
981
1178
1180
1256
1006
1182
1183
1185
1082
1186
1085
1188
1192
1099
1261
1191
1193
1194
1197
1198
1199
1200
0
1201
1203
0
1205
1195
1206
1208
1209
1210
1114
1207
1211
1212
0
1123
1215
1216
1108
1219
1220
1221
1222
1223
1224
1135
1226
1233
1228
1229
1142
1230
1231
1232
1234
1236
1055
1237
1306
1238
1239
1240
1241
1242
1063
1245
1315
1246
1320
1163
0
1249
1250
1251
1252
1253
1254
1166
1255
1256
1258
0
1187
1261
1262
1196
1333
1264
1265
1259
1262
1211
1269
1270
1272
1273
1275
1276
1277
1278
1279
1280
1281
1283
1284
1285
1286
1493
1218
0
1292
1359
1295
1296
1297
1298
1299
1300
1301
1302
1303
1304
1305
1308
1375
1310
1311
1312
1247
1174
1315
1318
1319
1321
1256
1323
1324
1325
1326
1327
1257
1449
1322
1330
1260
1334
1335
1336
1337
1338
1339
1340
1211
1341
1342
1271
1343
1282
1344
1271
1348
1281
1406
1350
1352
1223
1416
1224
1288
0
1291
0
1293
1301
1295
1362
1364
1365
1424
1367
1301
1369
1370
1371
1372
4059
1373
1376
1377
1449
1248
1450
1310
1381
1382
1378
1383
1384
1385
1386
1390
1388
1389
1453
1391
1393
1394
1331
1396
1397
1333
0
1398
1399
1400
1401
1346
1403
1405
1406
1407
1411
1412
1459
1413
1351
1552
0
1477
1415
1416
1418
1419
1420
1421
1422
1423
1425
1427
1428
1429
1374
1431
1432
1433
1363
1436
1389
1438
1439
1440
1441
1379
1444
1445
1446
1448
1532
1450
1629
1451
1452
0
1390
1395
1527
1455
1456
1458
1460
1462
1461
1475
1401
1402
0
1465
1466
1346
1467
1468
1469
1469
1470
1404
1471
1412
1474
1475
1476
1477
1480
1479
1480
1481
1482
1483
1484
1589
1486
1487
1488
1489
1490
1365
1435
1493
1675
1495
1496
1473
0
1498
1499
1500
0
1501
1502
1503
1505
1506
1507
1508
1421
1511
0
0
1515
0
1436
1380
1445
1447
1519
1520
1450
1522
1524
1525
1526
1528
0
1530
1491
1532
0
0
1535
4112
1538
1538
0
0
1539
1540
1541
1542
1412
1475
1546
1547
1467
1550
1551
1659
1553
1554
1555
1556
1557
1558
1561
1562
1564
1563
1674
1566
1567
1568
1569
1571
1572
1504
1573
1574
1576
1582
1577
1578
1579
1580
1643
1583
0
0
1585
1586
1587
1531
1590
1548
1591
1592
1593
1554
1555
1598
1597
1565
1560
1601
1602
1603
1604
1599
1605
1607
1610
1572
1612
1613
1614
1615
1616
1617
1618
1619
1620
1621
1622
1624
1625
1626
1627
1628
1682
1630
1631
1498
1633
1634
1635
1636
0
1640
1641
1642
1643
1645
1646
1647
1648
1578
1650
1651
1652
1653
1654
1584
1656
1657
1658
1730
1660
1661
1662
1597
1664
1666
1667
1721
1668
1669
1597
1671
1609
1673
1676
1631
1678
1679
1681
1682
1683
1684
1685
0
1688
1689
1690
1691
1692
1658
1658
1696
1697
1730
1624
1719
1701
1702
0
1704
1589
1705
0
1709
1710
0
1711
1687
1713
1714
1769
1716
1702
1739
1665
1701
1722
1723
1724
0
0
1743
1725
1726
1727
1729
1730
1753
1731
1734
1594
1734
1733
1759
1735
1736
1737
1670
1741
1757
1706
1744
1742
1746
1746
1749
1747
1751
1752
1728
1754
1734
1755
1755
1759
1718
1760
1761
1762
1740
1764
1765
1766
1742
1789
1768
1715
1770
1771
1771
1773
1774
1772
1775
1776
1777
1778
1779
1780
1781
1784
1782
1784
1786
1787
1788
1798
0
1790
1792
1793
1794
1795
1796
1797
1785
1799
1800
1801
1802
1804
1803
1805
1783
1806
1807
1808
0
1809
1810
1811
1812
1813
1814
1815
1816
1817
1818
1819
1820
1821
1822
1823
1824
1825
1826
1827
1828
1829
1830
1831
1832
1833
1834
1835
1836
1837
1838
1839
1840
1841
1842
1843
1844
1845
1846
1847
1848
1849
1850
1851
1852
1853
1854
1855
1856
1857
1858
1859
1860
1861
1862
1863
1864
1865
1866
1867
1868
1869
1870
1871
1872
1873
1874
1875
1876
1877
1878
1879
1880
1881
1882
1883
1884
1885
1886
1887
1888
1889
1890
1891
1892
1893
1894
1895
1896
1897
1898
1899
1900
1901
1902
1903
1904
1905
1906
1907
1908
1909
1910
1911
1912
1913
1914
1915
1916
1917
1918
1919
1920
1921
1922
1923
1924
1925
1926
1927
1928
1929
1930
1931
1932
1933
1934
1935
1936
1937
1982
1938
1939
1940
1941
1942
1943
1944
1945
1946
1947
1948
1949
1950
1951
1952
1953
1954
1955
1956
1957
1958
1959
1960
1961
1962
1963
1964
1965
1966
1967
1968
1969
1970
1971
1972
1980
1973
1974
1975
1976
1977
1978
1979
1990
0
1981
1981
1983
1963
1985
1986
1987
1988
1989
1990
1991
1992
1993
1994
1995
1990
1998
1999
2000
2001
2002
2003
2004
2005
2006
2007
2008
2007
2010
2011
2012
2013
2024
2014
2015
2016
2018
2019
2020
2021
2022
2023
2025
2026
2034
2017
2028
2029
2030
2031
2032
2033
2035
2036
2037
2038
2039
2040
2041
2042
2042
2043
2044
2045
2046
2047
2048
2049
2050
2051
2052
2053
2054
2055
2056
2057
2058
2059
2060
2051
2062
0
2064
2065
2066
2067
2068
2069
2070
2071
2072
2073
2074
2075
2088
2076
2077
2063
2078
2079
2080
2081
2067
2083
2084
2085
2086
2087
2088
2089
0
2092
2062
2093
2094
2095
2096
2097
2098
2099
2110
2091
2100
2101
2102
2103
2104
2105
2106
2107
2108
2109
2110
2111
2112
2113
2113
2114
2115
2116
2119
2120
2121
2122
2116
2118
0
2125
2126
2127
2128
2129
2114
2131
2132
2122
2134
2135
2136
2137
2138
2139
2140
2140
2141
2143
2144
2145
2147
2148
2142
2149
2150
2151
2152
2153
2154
2155
2156
2157
2158
2159
2160
2161
2162
2163
2164
2165
2167
2168
2169
2170
2171
2172
2173
4153
2174
2175
2176
2177
2179
2180
2181
2166
2182
2178
2183
2184
2185
2186
2187
2188
2189
2190
2191
2192
2193
2194
2195
2196
2197
2198
2199
2200
2201
2202
2203
2204
2205
2206
2207
2146
2208
2209
2211
2212
2213
2214
2215
2216
2217
2218
2219
4161
2221
2241
2222
2223
2224
2225
2226
2227
2228
4163
2272
0
2230
2232
2233
2253
2234
2234
2235
2236
2237
2238
2239
2229
2242
2244
2241
2256
2275
2246
2249
2247
2248
2250
2251
2252
2240
2255
2258
2259
2260
2260
2263
2264
2254
2265
2268
2270
2271
2273
2274
2277
2278
2279
2280
2282
2283
2284
2281
2287
2293
2290
2291
2292
2295
2296
0
2263
2297
2232
2299
2300
2301
0
2304
2305
0
2306
2307
2343
2310
2309
2385
2348
2293
2314
2295
2315
2273
2317
2293
2353
0
2319
2358
2321
2324
2298
2323
2325
2285
2326
2327
2362
2303
2364
2332
2333
2334
2335
2347
2336
2337
2382
2339
2341
2365
2342
2343
2308
2346
2347
2384
0
2315
0
0
2355
2263
0
2356
2360
2397
0
2366
2367
2368
2369
0
2371
2372
2373
2382
2344
0
0
0
2424
2381
2424
2387
2295
2519
2389
2357
2358
2318
2391
2392
2393
2394
2395
2398
2400
2365
2402
2401
2404
2396
2405
2406
2407
2408
2409
2349
2377
2418
2412
2413
2351
2379
2419
2420
0
2351
2379
2379
2386
2425
2428
2429
2430
2430
2432
2427
2390
2434
0
2433
0
0
2437
2438
2479
2392
2443
2361
2445
2446
2447
2448
2449
2450
2451
2452
2453
2457
2455
2456
2377
2458
2459
2460
2461
2462
2463
2508
2464
2465
2416
2422
2379
2468
2469
2510
2390
2472
2473
2474
2477
2475
2473
0
2479
2480
2439
2481
2482
2440
2483
2484
2478
2482
2486
2488
2489
2489
2491
2492
2493
2553
2402
2449
2496
2498
2499
2500
2501
2502
2503
2375
2504
2505
2464
2462
2508
2418
2510
2511
2512
2513
2514
2515
2516
2518
2481
2520
2517
2522
2523
2525
2526
0
2527
2528
2532
2529
2530
2536
2533
2534
2568
0
2453
2537
2539
2540
2541
2542
2543
2543
2545
2546
2547
2548
2512
2513
2516
2551
2521
2598
2552
2592
2524
2554
2555
2556
2557
0
2559
2522
2561
2562
2564
2531
2566
4222
2565
2569
2570
0
2530
2573
2574
2709
2577
2576
2577
2579
2580
0
0
2581
2582
2583
0
2587
2588
2590
2653
2593
2522
2595
2594
2597
2599
2600
2601
2602
2604
2605
2606
2607
2608
2572
2611
2612
2610
0
2613
2614
2615
2582
2617
2619
2620
2621
2622
0
2623
2624
2625
2626
2627
2628
2629
2630
2631
2593
2633
2634
2669
2591
2637
2638
2639
2640
2565
2641
2565
2642
2643
2645
2646
2621
2648
2649
2680
2625
2652
2698
2653
2654
2655
2653
2658
2659
2693
2656
2661
0
2663
0
2666
2597
2668
2669
2665
2670
2671
0
2673
2674
2675
2644
2612
2678
2679
2682
2683
2755
2686
2687
2689
2664
2664
2692
2662
2627
2695
2696
2697
2731
2693
2804
0
2726
2699
2700
0
2636
0
2702
2703
2704
2705
2706
2707
2708
2748
2710
2711
2712
2713
2753
2716
2717
2762
2719
2760
0
0
2635
0
2728
2725
2727
2656
2724
2729
2603
2730
2732
2733
2771
2734
2636
2737
2738
2739
2740
2741
2742
2743
2840
2745
2746
2747
2860
2749
2750
2715
2752
2684
2748
2755
2756
2757
2758
2759
0
2761
2721
2763
2764
2759
0
2833
2720
2718
2767
2768
2769
2770
2735
2739
2774
0
0
2737
2779
2780
2782
2783
2751
2786
2785
2786
2787
2788
2789
2792
2793
2794
2795
2796
2765
2765
2799
2800
2801
2803
2838
2802
2805
2806
2807
2809
2772
2840
2812
2810
2813
2814
2808
2815
4256
2816
2817
2818
2819
2751
2866
2820
2821
2822
2818
2889
2825
2826
2827
2828
2861
2829
2790
2830
0
0
2791
2832
2874
2836
2837
2838
2839
2840
2841
2842
2811
2744
2844
2845
2846
2819
2886
2827
2849
2778
2774
2894
2809
2775
2823
2853
2902
2775
2856
2857
2858
2859
2862
2864
2865
2869
2868
2869
3002
2870
2871
2872
0
2832
2874
2875
2876
2832
2877
2878
0
2879
2880
2881
2883
2923
2847
2885
2886
2920
2890
2893
2852
2900
4275
2896
2897
2899
2900
2901
2903
2905
2906
2851
2904
2831
4255
0
2878
2911
2835
2912
2913
2914
2915
2891
2916
2917
2918
0
2882
2921
2923
2926
2846
4251
2943
2928
2929
2930
2931
2932
2933
0
0
2938
2939
2941
2942
2861
2944
2945
2946
2895
2947
2949
2863
2997
2950
3001
2952
2954
2955
2951
2911
2957
0
0
3029
2961
2962
2891
2835
2964
0
3012
0
2966
0
2887
2971
2979
2922
2888
2925
2974
2975
2976
3057
0
3037
2978
3087
2980
3041
2982
2983
3106
2937
3093
2935
2985
2986
2987
2988
2896
2991
0
2991
2940
2995
3058
2999
3000
3014
3067
0
3010
3003
3004
2998
2953
3006
3011
0
2977
3016
3022
3017
0
3011
2965
3021
3023
3083
2919
0
3026
3027
3028
2927
3030
3031
3032
0
3034
3035
3036
2981
3094
3040
3085
3042
2944
2978
2983
3103
3048
3049
0
3173
2949
2989
3046
3006
3118
3050
2996
2946
2987
3060
3055
3113
3063
2953
3068
3009
3070
3070
3072
0
3083
3005
3078
3073
3082
2977
3016
2967
0
3030
0
3145
3146
3091
3148
0
0
3045
3095
3096
2981
0
3099
3100
3101
3102
3105
3057
3164
0
3107
3051
3111
3112
0
0
3047
3110
0
0
3240
2995
3121
3122
3122
3060
3124
3117
3068
3127
3128
3129
2992
2995
3134
0
3135
2992
0
3192
3061
3139
3079
0
0
3082
3075
0
3144
0
3146
0
3150
3215
3153
3208
3154
3212
3156
3157
3158
0
0
3165
0
3169
0
3171
3232
3104
3173
3053
3223
3115
0
3172
0
3279
3225
3067
3187
3115
3140
3160
3289
3120
3280
3140
3190
3066
3143
3191
3192
3089
3133
3113
3196
3198
3198
3199
3194
3203
3203
3204
3205
3253
3207
3224
3202
3209
3210
3211
0
0
3217
3150
3161
3212
0
3219
3220
3221
3222
3302
3169
3176
3227
3230
3231
3115
3271
3234
3177
3232
3237
3143
3238
3182
3242
3325
3188
3130
3196
3196
0
3283
3137
3194
0
3141
3251
3138
3092
3149
3202
3251
3159
3299
3254
3257
0
3259
3216
3261
0
0
3216
0
3221
3224
3269
3176
3319
3170
3274
3234
3276
3277
3278
3276
3236
3351
3235
3281
3242
3280
3237
3334
3290
3286
3189
3191
3294
3287
3289
3291
3292
3256
3296
3344
0
3264
3204
3294
3301
3302
3306
3307
3308
3310
3309
0
3306
3313
0
3218
3316
3317
3271
3319
3319
3322
3323
3302
3353
3281
3327
3242
3330
3278
3335
3336
3288
3290
3248
3339
3294
3288
3371
0
3304
3307
0
3350
3314
0
3352
3368
3353
3331
3337
3310
0
3345
3358
3348
3360
3362
3358
3345
3349
3385
3392
4559
3368
0
0
3369
3335
3371
3342
3372
3428
3374
3360
0
3377
3406
3377
3375
3381
3382
3384
3386
3387
3388
3389
3385
3391
3421
3392
3369
3393
0
0
3400
3401
3402
3403
3404
3405
3405
3378
3408
3409
3410
3411
3383
3383
3414
3415
3416
3417
3417
3418
3419
3420
0
3422
3403
3394
3394
0
3427
3398
3429
3430
3431
3432
3378
3398
3411
3437
3438
3437
3440
3441
3442
3423
3444
3378
3445
3432
3446
3447
3448
3449
3450
3414
3452
3442
3423
3458
3455
3449
3447
3452
3459
3459
3430
3461
3466
0
0
3462
3462
3463
3465
3470
3472
3468
3473
4927
4942
0
3475
0
3482
3486
3483
0
0
0
3482
3485
3487
3503
3488
0
3488
3490
3501
3495
3496
5
4944
3505
3501
0
3507
0
0
3508
3508
7
3510
3514
5
3498
3504
0
3513
0
3493
3515
3519
0
0
3519
3494
3523
3517
0
3521
3512
0
3541
3527
3507
3516
22
30
3524
3543
3531
3533
3529
3539
3528
3512
3536
3532
3545
3529
3541
3530
3544
3545
3546
0
3558
3549
3548
3539
3552
3554
3555
3561
3553
3559
0
3560
3562
0
3564
3566
3556
3558
3563
3585
3568
3570
3572
3572
0
3580
3576
3577
3578
3587
3597
3574
3547
3581
3583
3582
3618
3575
3584
3577
3588
3598
0
3591
3602
3571
3594
3595
3596
3609
3600
3589
3583
3604
3604
3606
3625
3613
3598
3608
70
3612
3603
3609
3612
3615
3616
3625
3598
3619
3620
3621
3622
3627
3624
3649
117
3611
3632
3628
3619
3623
3639
3630
3626
3647
3633
0
3635
0
3615
3637
3641
3642
3639
3615
3645
3648
3657
3654
3646
3656
3634
3657
3659
128
3654
3651
3679
3645
3646
3662
3667
4948
3666
3662
3669
4949
3663
3681
3680
3675
3666
3671
0
3672
0
3675
3689
0
3686
0
0
3687
3688
3682
3690
0
3693
3695
3701
3696
230
3698
3702
3702
3703
3711
3700
3705
0
3717
3712
3703
3699
0
3710
3706
3714
3715
0
3718
3719
3720
3719
3708
3723
0
3727
3726
3748
3745
3744
3740
0
3761
3732
0
3754
3744
3756
3729
3733
3749
3735
3737
3752
3751
3741
3742
3772
0
3767
3739
3747
3776
3734
3771
3778
3763
3765
3758
3761
3733
3761
3776
3771
3748
3793
3798
3759
3773
3789
3776
3805
0
3754
3800
3736
3788
3766
0
0
3825
3814
0
3772
3770
3731
0
3804
3794
3817
3808
3787
3755
3764
3792
3775
3790
3826
3761
3795
0
3795
3780
3786
3807
3817
0
3823
0
3821
3801
3790
3823
3799
3769
3799
3846
3769
3828
3764
0
3807
3782
3821
3818
3853
3787
3856
3820
3823
0
3790
3823
3792
3841
3806
3829
3847
3807
3846
4003
3820
3772
3822
3821
3775
3839
3810
3844
3799
3863
3930
3862
3864
3865
3852
3866
3856
3855
3857
3855
3839
3893
3875
3823
3896
3844
3834
3898
3905
3859
3860
3880
0
3847
3934
3867
3848
3885
3887
3855
3886
3820
3888
3889
3820
3904
3819
3894
3893
3894
3895
3930
3830
3909
3845
3879
3901
3887
3937
3991
4003
3985
3830
0
3859
4009
0
3914
3887
3917
3890
3944
3919
3890
3873
3895
3904
3925
3926
3927
3874
3950
0
3928
3953
3931
4052
3956
3935
3910
3909
3847
3939
3933
3940
0
3967
3931
0
3947
3926
3929
3996
3957
3988
3958
3925
0
3978
3957
3915
3962
3988
3937
3934
0
3969
3962
0
3873
0
3994
3973
3994
3987
0
3963
0
3957
1091
3980
4014
0
4008
3979
3887
3968
4001
3967
3921
4008
3994
4008
3990
3977
4043
3978
3914
4057
4014
4003
0
4006
4008
3975
3988
3900
3986
4000
3990
4052
4066
3954
0
4010
4021
3982
0
4034
0
4006
4009
4028
4023
4022
4050
0
3954
4027
0
4062
4044
4045
0
4066
4027
4039
4068
3989
4018
4045
4032
4031
4020
0
4015
3984
4025
4067
4043
4017
0
4036
4038
4057
4096
4082
4044
4087
4055
4086
4060
4079
4070
0
4097
0
4030
4069
4088
4072
4073
1511
4017
3999
4073
4082
4096
4053
1410
0
4085
4102
4102
4068
3998
4062
4064
4101
4071
4048
4064
0
0
4097
4098
4053
4088
4093
4102
4091
0
0
4108
4094
4092
0
1410
4061
1410
0
4106
4106
4084
4071
4112
0
4093
4093
4107
4110
4100
4118
4119
4120
4124
0
4121
4122
4125
4126
4123
4127
4129
4127
4129
4134
4130
4131
4135
4141
4132
4149
4137
4143
4143
4140
4140
4142
0
0
4151
4155
4152
2220
4154
4168
0
4176
4161
4175
4159
0
4174
4154
4184
4168
4156
4158
4173
4171
4196
0
4186
4181
4197
0
4178
4189
4188
4185
4180
4195
4192
4182
4201
0
4182
0
0
0
4204
4193
4190
0
4202
2376
2312
0
4205
4212
4213
0
4211
4218
4211
4217
4219
4217
0
2497
4220
0
0
4225
4253
4228
4226
4238
4234
0
4231
4231
4233
4237
4223
4224
0
0
4229
4241
4262
0
4231
0
4246
4238
4246
4223
4251
0
4254
0
4242
4263
4264
0
4264
4246
0
4250
4244
4267
3007
4292
4259
4278
4277
4268
4247
4247
4238
0
4293
4274
4282
4292
0
4264
4242
4276
4243
4334
4298
4296
4298
0
4267
0
0
4283
4260
4307
0
4269
0
0
4266
4301
4280
4297
4310
4303
4306
4307
0
4271
4271
4304
4346
4345
4313
4485
4451
0
4401
4335
4320
0
4304
4371
0
4321
4322
4290
0
4342
4388
4345
4306
4388
4344
4316
4345
3052
4316
0
4323
4353
4472
4300
0
4357
4260
4341
0
3125
0
4342
4291
4312
4382
4316
4431
4312
4308
0
4318
4348
0
4286
0
4339
0
4356
4338
4355
4357
4439
4381
0
4291
4359
4343
0
0
4398
4468
4331
4362
0
4294
4363
4471
4331
4368
0
4353
0
0
4379
4373
4447
4372
4324
0
3186
0
4382
4385
4384
4324
4291
4468
4348
0
4376
4469
4366
4467
4408
4407
4376
4355
4372
4372
4268
4384
4378
0
4383
0
4412
4480
4309
4583
0
4383
4535
0
4394
4380
4480
4344
4393
4422
0
4393
0
4463
4426
4393
4393
0
4396
4465
4397
0
4499
4402
4433
0
0
4471
4376
4441
4527
4445
4443
4446
4517
0
0
0
4458
4379
4419
0
4480
4317
4476
4482
4482
0
0
0
4422
0
4441
4432
4393
4468
4398
4468
4403
4349
3253
4402
4498
4627
4525
4505
0
4471
4353
4473
0
0
4478
0
4481
4449
4375
4516
4457
4482
4541
4478
4485
4397
4461
4464
4493
4429
4489
4497
4498
4622
4553
4542
4496
4441
4505
4505
4527
0
4510
4576
0
4438
4526
0
4496
4542
4532
4582
0
4473
4445
4559
3238
4486
4536
4543
4497
0
4525
4524
4430
4489
0
4502
4498
0
0
4627
4553
0
0
4610
4511
4581
4537
0
4484
4534
4568
4543
0
4525
4561
4561
0
4502
4622
4500
4552
0
4469
4500
4554
4556
4531
4535
4615
4476
4421
4588
4540
4396
4670
3321
4546
4566
0
4596
4672
4548
4643
4549
4573
4573
4630
4522
4513
4531
3303
4579
4580
0
0
4423
4390
4666
4539
4476
3282
4587
4540
0
4544
0
4563
4430
4501
4495
4675
0
4495
0
4624
4604
0
4643
4582
4659
4579
4512
4614
4607
4512
4608
4739
4612
4609
4585
4589
4615
4586
4640
4792
4557
4594
4671
4630
4596
4571
4538
4572
4627
0
4648
4628
4629
4593
4631
4632
4635
4584
4452
0
4630
4638
4611
4693
4423
4766
4591
0
4642
4560
4569
4672
4571
0
0
4790
0
4630
4630
4703
4575
4633
4634
4662
4618
4665
4641
4642
4668
4595
0
4727
4673
4621
4648
4597
0
4677
0
0
4680
4652
0
4684
4686
4687
4708
4689
0
0
4695
4717
4803
4719
4633
4639
4669
4539
4693
4788
0
4563
4726
4673
4676
4631
4698
0
4700
4779
4639
4668
0
4707
4708
4744
4423
4761
4689
0
0
4719
4660
4766
4720
4772
0
4772
0
4669
4730
4822
4749
0
4745
4657
4678
4775
4603
4781
4733
4735
4707
4760
4679
4801
4761
4688
4762
4759
4736
0
4745
4564
4860
4674
4707
4592
4730
4750
4752
4648
4796
4740
4817
4760
4700
4779
4724
4657
4808
0
4768
0
0
4670
0
4720
0
0
4747
4807
4753
4787
0
4783
4784
4785
4728
4754
4773
4754
4747
4730
4795
4755
4746
4847
4761
4713
4798
4705
4799
4833
4682
4802
4804
0
4758
4805
0
0
4809
4715
4853
0
4840
4815
4778
4777
4817
4820
4858
4887
4726
4794
4785
4822
4794
4848
4829
4867
4835
0
4705
4743
0
4743
4824
4815
4837
4834
4888
0
4836
4776
4806
4854
4767
4853
4887
4722
3380
0
4894
4842
4781
4777
4870
4788
4827
4863
4705
4776
4838
4734
4829
4873
4840
4754
4778
4841
0
4879
4851
4867
4885
4889
0
4893
4870
0
4881
0
4872
0
4813
4879
4867
4892
0
0
4830
4854
4883
0
4884
4888
4893
0
4892
4885
4897
4898
4895
4900
4902
4896
4896
4903
4910
4897
0
4901
4898
4904
4913
4909
4911
4912
4929
4917
0
4918
4911
4909
0
4913
4923
4932
4927
4937
4929
4930
4935
4936
4924
0
4926
4940
4945
0
4939
3495
4916
4938
0
4945
4931
3489
3490
4946
3647
4947
0
3653
3654
4953
0
4950
0
3655
4954
0
4951
4952
4957
4959
4960
4961
4964
4965
4965
4958
4963
3678
4980
0
4986
4980
4987
3691
4966
4977
4972
4955
4960
4955
4989
0
0
0
4976
4978
4982
4981
4966
3700
3699
3691
4965
4995
4995
4990
4982
4981
4988
4989
3700
4995
4994
4990
4998
4997
4997
4974
