0
3472
3463
3492
2
2
3486
17
17
14
5
3485
7
8
9
0
10
23
13
0
16
1
21
0
19
20
0
22
23
25
32
28
21
25
11
20
33
20
27
35
39
0
36
42
43
59
36
37
47
53
48
63
52
76
48
51
56
50
61
60
64
66
59
68
57
78
71
73
80
54
72
74
58
78
0
77
81
82
69
0
86
87
88
89
90
93
94
91
0
0
95
96
95
96
97
98
92
100
117
112
101
0
83
105
0
0
117
110
111
112
101
75
113
114
103
3643
0
119
0
120
121
0
123
102
124
125
109
127
0
0
129
130
131
120
122
133
134
136
137
138
109
139
142
143
144
157
146
147
149
151
152
153
141
155
145
157
165
158
0
160
161
162
168
163
164
165
167
3666
169
170
171
172
173
174
176
177
178
159
179
180
0
182
183
0
184
185
186
187
188
189
3682
190
191
192
193
194
159
195
188
197
198
200
201
202
203
204
191
206
207
208
209
210
211
212
213
214
216
267
218
219
220
221
222
223
224
225
226
227
228
229
175
230
231
232
233
234
235
236
237
289
239
240
241
242
243
244
245
246
247
248
0
250
251
252
253
175
255
233
257
258
259
260
302
261
262
285
263
265
266
268
269
270
271
274
272
273
275
276
277
278
280
249
281
282
283
284
286
287
289
290
303
291
292
294
295
296
297
298
299
285
301
304
305
306
307
324
0
308
309
321
310
311
279
312
328
314
315
316
317
318
320
303
293
322
323
325
326
327
0
329
330
331
332
333
366
334
350
335
293
341
336
337
310
338
339
340
360
362
343
344
345
346
347
348
349
351
376
352
353
354
355
355
357
358
359
361
361
372
363
363
364
365
0
0
353
380
369
388
371
342
372
404
374
375
377
378
379
381
382
383
369
386
387
389
390
391
404
375
392
393
394
396
397
0
398
395
383
400
401
385
401
385
403
425
407
408
409
410
411
412
426
413
414
415
416
417
386
418
419
420
433
423
456
424
0
0
428
429
423
432
434
435
436
437
437
439
482
441
442
0
444
445
446
447
448
451
449
442
440
452
453
454
455
457
458
459
430
0
462
463
465
466
468
469
470
471
472
459
473
474
475
476
477
478
479
449
481
0
482
484
0
486
487
488
0
467
489
490
471
492
533
491
493
494
495
496
497
499
500
501
501
502
503
504
505
506
507
508
509
510
511
512
502
513
514
516
517
519
519
520
482
515
522
554
524
525
526
527
528
529
530
531
532
531
534
535
536
537
538
539
541
0
518
543
545
517
547
547
513
550
0
551
552
581
553
554
556
557
558
559
560
561
562
563
564
565
544
0
566
622
567
569
0
571
572
573
574
575
576
577
0
578
579
579
0
609
555
0
585
586
587
588
589
568
592
594
0
570
596
597
598
599
596
601
602
603
608
582
605
602
608
670
606
584
584
612
613
614
0
617
0
0
597
652
621
654
604
605
0
621
625
626
627
628
604
611
630
631
632
661
633
670
611
0
638
639
640
641
642
643
644
0
647
618
602
0
596
621
692
653
621
607
657
658
674
660
607
661
662
663
664
665
590
645
616
667
668
648
697
673
654
0
676
675
678
631
681
739
682
637
636
687
688
646
689
669
691
0
695
720
698
724
700
701
631
702
703
735
0
0
683
705
706
707
737
710
711
736
712
713
0
649
717
718
696
719
722
718
751
725
699
727
0
730
731
732
0
762
762
0
684
730
729
743
715
744
745
748
751
745
0
751
721
685
753
754
694
728
756
757
0
759
760
761
763
710
764
0
766
705
768
769
770
771
772
773
774
775
743
777
778
769
780
782
783
784
785
786
787
790
716
789
0
798
795
827
697
758
851
731
801
766
806
807
838
0
808
810
787
813
813
843
815
817
818
716
820
821
823
824
825
826
0
849
828
829
0
831
832
805
802
0
0
835
0
839
843
0
809
842
0
0
844
841
875
876
847
848
848
0
883
852
826
850
853
855
0
0
887
1125
858
859
0
0
896
862
0
863
865
837
841
868
869
906
870
0
0
872
840
873
871
874
878
879
882
0
0
0
884
918
890
802
710
889
900
890
891
892
893
898
899
867
941
926
903
0
905
907
908
909
910
911
912
1000
913
914
915
916
917
877
919
880
930
914
0
922
889
924
925
0
927
859
928
929
898
932
935
937
938
0
940
941
942
943
944
905
933
948
949
950
951
952
953
954
902
956
957
961
963
964
0
965
966
967
943
972
973
974
975
986
976
977
972
972
1173
0
984
985
1068
943
988
989
989
990
0
0
993
994
995
995
1003
997
998
1075
999
1175
1001
1002
0
1032
3951
1007
957
0
0
935
1014
939
1015
1016
1017
928
1019
1020
1021
1022
1023
1024
1025
1026
1028
1029
1030
1031
942
1032
1033
904
1035
0
1027
1036
1062
1037
960
1040
0
1041
0
1043
1044
1045
1046
1047
975
1048
1049
969
1052
1053
1052
1055
1056
1057
1058
986
1061
0
1051
995
1081
1067
956
1069
0
1173
1052
991
1074
1066
1170
995
0
1077
1079
1080
1082
1083
0
1084
1085
995
1006
1087
1201
0
1089
1175
1185
1323
1006
1097
1093
0
1209
860
1095
1095
1099
1017
1004
922
1103
1099
1105
1108
1107
1108
1133
1111
0
1133
1112
0
1210
0
1113
1113
1115
1117
1118
1119
1120
1122
1123
1217
1124
0
0
1108
1130
1130
1131
0
1133
1136
1134
1135
0
1137
1139
1140
1042
1141
1142
1143
1144
0
1145
1147
1148
4026
1149
1055
1151
1154
1141
0
1158
1160
1153
1056
1162
1163
1164
1050
1166
1167
1168
1169
1170
1171
1174
1251
1175
1176
1177
1180
1069
1080
1073
0
1189
1185
1186
1187
1190
1183
1194
1195
0
1197
1199
1200
0
0
0
0
1203
1094
1205
1206
1107
1192
1202
1110
1209
0
1211
1212
1017
1191
1214
1215
1216
1280
1218
0
1220
1221
1222
1223
1133
1224
1225
1226
1129
1229
1230
1231
1232
1233
1234
1235
1236
1237
1050
1238
1239
1240
1244
1153
1242
1255
1243
1245
1247
1248
1249
1157
1250
1251
1253
0
0
1186
1257
1258
1390
1260
1261
1254
1257
1202
1264
1009
1267
1268
0
1270
1340
1273
1274
1275
1116
1276
1277
1278
1279
1283
0
1286
1288
1289
1290
1291
1292
1293
1294
1295
1296
1297
1298
1299
1300
1302
1303
1304
1305
1306
0
1166
1239
1310
1311
1312
1251
1314
1315
1316
1317
1318
1319
0
1321
1323
1259
1325
1326
1327
1328
1330
1331
1332
1202
1334
1329
1198
0
1343
1336
1198
0
1116
1341
1342
1345
1280
1346
1218
1284
1404
0
1286
1351
1296
1290
1354
1356
1357
0
1359
1296
1362
1363
1364
1365
1301
1366
1369
1370
0
1373
1378
1304
1375
1376
1371
1377
0
1379
1380
1381
1448
1382
1449
1383
1385
1386
1324
1388
1389
1390
0
1391
1392
1393
1394
1338
1397
1399
1341
1401
1405
1536
1406
0
1344
0
1423
1409
1410
1346
1414
1415
1417
1437
1418
1419
1422
1485
1361
1424
1367
0
1426
1427
1355
1429
1382
1432
1433
1434
1435
1372
1439
1440
1513
1443
1444
1378
1445
1446
1447
1522
1381
1450
1451
0
1452
0
1387
1454
1456
1472
1394
1395
0
1460
1475
1338
0
1463
1349
1349
1465
1398
1467
1536
1416
1472
1530
1409
1473
0
1473
1476
1477
1478
1479
1577
1482
1483
1486
1487
1488
1357
1492
1283
1494
1495
1496
0
1558
0
1499
1500
0
1501
1502
1407
1504
1505
1425
1506
1437
1430
0
1503
1509
0
1429
0
1440
1442
1515
1516
1378
1518
1519
1527
1520
1521
0
1523
1491
1444
1455
0
1528
0
1529
1529
0
1532
0
1533
4114
1534
1536
1472
1538
1539
0
1543
1542
1634
1546
0
1544
0
1545
0
1547
1548
1489
1551
1552
1555
1556
1557
1559
1560
1561
1562
1563
1564
0
1620
1566
1567
1568
1569
0
1571
1630
0
1573
1574
1575
1524
1464
1540
0
1579
1580
0
1544
1549
1583
1554
1585
0
1586
1587
1588
1589
0
1591
1593
1561
1595
1596
1597
1598
0
1600
1601
1616
1602
1603
1604
1629
1606
1607
1608
1609
1610
1611
1612
0
1613
1614
0
1615
0
1617
1618
1619
0
1621
1622
1623
1624
1567
0
1626
1627
1628
1666
1572
1631
1632
1633
1635
1636
1637
1638
1583
1641
1642
1643
0
1644
1645
1583
1701
0
1656
0
1612
1653
1654
0
1610
1658
0
1659
1660
1661
1662
1663
1664
1665
1633
1633
1669
1670
1635
1629
1672
1655
1676
0
0
1577
1678
1680
0
1682
1652
1683
1684
1685
1686
1688
1689
1676
1673
1692
1655
1713
1695
1696
1698
1700
0
1702
1703
1704
1706
1635
1707
1734
1708
1581
1708
1710
1693
0
1715
1716
1646
1721
1722
1679
1745
1724
1727
1727
1730
0
1732
1733
1705
1735
1708
1738
1738
1693
1712
1742
1743
1766
1720
1744
0
1746
1724
1748
1751
1687
1752
1753
1753
1756
1757
1755
1758
1759
1760
1761
1762
1763
1764
1768
0
1768
1769
1770
1771
0
1772
1729
1773
1780
1774
1775
1776
1777
1788
1778
1779
1781
1782
1783
1784
1785
1787
0
1789
1792
1790
1791
0
1793
1794
1795
1796
1797
1798
1799
1800
1801
1802
1803
1804
1805
1806
1807
1808
1809
1810
1811
1812
1813
1814
1815
1816
1817
1818
1819
1820
1821
1822
1823
1824
1825
1826
1827
1828
1829
1830
1831
1832
1833
1834
1835
1836
1837
1838
1839
1840
1841
1842
1843
1844
1845
1846
1847
1848
1849
1850
1851
1852
1853
1854
1855
1856
1857
1858
1859
1860
1861
1862
1863
1864
1865
1866
1867
1868
1869
1870
1871
1872
1873
1874
1875
1876
1877
1878
1879
1880
1881
1882
1883
1884
1885
1886
1887
1888
1889
1890
1891
1892
1893
1894
1895
1896
0
1897
1898
1899
1900
1901
1902
1903
1904
1905
1906
1907
1908
1909
1910
1911
1912
1913
1914
1915
1916
1917
1918
1919
1920
1921
1922
1923
1924
1925
1926
1927
1928
1929
1930
1931
1932
1933
1934
1935
1936
1937
1938
1939
1940
1941
1942
1943
1944
1966
1945
1946
1947
1948
1949
1950
1951
1952
1953
1954
1956
1957
1958
1959
1960
1961
1962
1973
1974
1963
1963
1965
1966
1967
1969
1970
1971
1972
1973
1975
1976
1977
1978
1979
1973
1982
1983
1984
1955
1985
1986
1987
1968
1988
1989
1990
1989
1992
1993
1994
1995
2006
1997
1998
1999
2000
2001
2002
2003
2004
2005
2007
2008
2017
2009
2011
2012
2013
2014
2015
2016
2018
2019
2020
2021
2022
2023
2024
2025
2025
2027
2028
2029
2030
2031
2032
2033
2034
2035
2036
2037
2038
2039
2040
2041
2042
2043
2044
2035
2062
2046
2047
2048
2049
2050
2051
2052
2053
2054
2055
2056
2057
2058
2073
2059
2060
2061
2063
2064
2065
2066
2050
2068
2069
2070
2071
2072
2073
2074
0
2078
2062
2080
2081
2082
2083
2084
2085
2086
2076
2087
2088
2089
2090
2091
2092
2094
2095
2096
2097
2098
2076
2099
2100
2101
2101
2103
2104
2105
2111
2107
2108
2109
2105
2112
0
2113
2114
2115
2116
2117
2103
2119
2120
2109
2122
2123
2124
2125
2126
2127
2128
2128
2130
2131
2132
2133
4133
2136
2137
2138
2139
2140
2141
2142
2143
2144
2145
2146
2147
2148
2149
2150
2151
2152
2153
2154
2155
2156
2157
2158
2159
2160
0
2161
2162
2163
2164
2165
2167
2168
2169
2170
2171
2166
2172
2173
2174
2175
2176
2177
2178
2179
2180
2181
2182
2183
2184
2185
2186
2187
2188
2189
2190
2191
2192
0
2193
2194
2195
2134
2197
2198
2200
2201
2202
2203
2204
2205
2206
2207
2208
4161
2211
2236
2212
2214
2215
2216
2217
0
2218
4162
2219
2210
2221
2223
2228
2224
2225
2225
2227
0
2230
2231
2232
2220
2233
2235
2236
2237
2238
2239
2240
2241
2242
2243
2244
2245
2229
2248
2249
2250
0
0
2278
2253
2247
2267
2345
2255
2258
2257
0
2261
2262
2260
0
2280
0
0
2263
2266
2269
2268
2270
2271
2259
2272
2273
2278
0
2223
2276
2281
2277
0
0
0
0
2264
0
2286
2317
2284
2289
2252
2269
0
2259
2246
2257
2291
2269
2321
2323
2296
0
0
2298
2297
2274
0
2279
2301
2300
2329
2305
2306
2308
2282
0
2283
2316
2357
2310
2341
2312
2313
2360
2315
2286
0
2318
2316
2319
2293
2246
0
2322
0
2278
2275
2326
2328
2358
0
2332
0
2234
0
0
2335
2336
2337
2341
2285
0
2342
0
2381
0
2381
2347
2259
2348
2349
2324
0
2351
0
2398
2353
2325
2356
2330
0
2360
2361
2331
2362
0
2364
2365
2366
2367
2368
2369
2334
2418
2371
2343
0
2375
2376
2377
0
0
2375
2375
2387
2378
2384
0
0
0
0
2464
2350
2389
2390
2382
2391
2392
2393
2394
2352
2398
0
2355
2401
2402
2403
2404
2448
2405
2363
2406
2456
2408
2409
2410
2334
2411
2412
2413
2414
2415
2416
2373
2419
2420
0
2422
2375
2423
2424
2421
2350
2385
2426
2427
2397
0
2426
2390
2352
2471
2433
2434
2435
2396
2437
2400
2438
2435
2440
2441
2442
2442
2443
2444
2445
0
2361
2448
2449
2450
2451
2452
2453
2454
2455
2457
0
2458
2419
2415
2373
2418
2421
2465
2501
2466
2467
2468
2504
2470
2434
2472
2432
2469
2474
2476
2477
2478
2479
2480
2481
2482
2483
2485
2511
2359
2488
2489
2456
2490
2492
2493
2494
2495
0
0
2497
2498
2499
2500
2501
2466
2504
2505
2506
2507
2508
2509
2475
2510
0
2512
2513
2478
2516
2469
2517
2518
0
2542
2519
4212
2554
2521
2522
2588
2483
2525
2526
2697
2528
2647
2528
2531
2532
2529
2496
2563
2534
2536
0
2537
2578
2538
2540
2541
2469
2543
2514
2545
2546
2584
0
2549
2550
2551
2552
2553
2548
2524
2555
2560
2556
2559
2523
2535
2562
2534
2564
2566
2567
2594
2595
0
2569
2570
0
2571
2572
2573
2575
2576
2577
2541
2579
2610
0
2539
2582
2583
2585
2586
2554
2653
2554
0
2590
2591
2592
2594
2596
2597
0
0
2599
2600
2540
2574
2602
2540
2604
2605
2644
2633
2607
2634
2609
2611
2612
2545
2614
0
2581
2615
2617
0
2618
2619
2620
2593
2560
2622
2623
2624
0
2628
2630
2631
2632
2636
2636
2639
0
2572
2641
2643
2727
2684
2644
2645
2616
2648
2649
2650
2689
0
0
2654
2655
2656
2657
2658
2659
2660
2705
2626
2662
2627
2664
2666
2668
2669
2671
2672
2712
2674
2674
2642
2625
2678
0
2680
2633
2682
2683
0
2652
0
2685
2686
2687
0
2690
2691
2692
2730
2693
2694
2695
2795
0
2696
2732
2698
2700
2701
2665
2703
2629
2705
2628
2709
2711
2670
2717
0
2713
2714
2715
2716
2717
0
2718
2673
0
2719
2720
2723
2726
2728
2692
2731
2688
2688
2690
2736
2737
2740
2773
2774
2744
2742
2744
2699
2745
2746
2747
2748
0
2750
2751
2724
2724
2753
2754
0
2756
2757
2725
2758
2759
2760
2761
2729
2795
2765
2766
2767
2768
2769
0
2770
2771
2772
2739
2801
2774
2779
2776
2850
2777
2739
2844
2781
2782
2783
2784
2780
2786
2787
2708
0
0
2706
2790
2828
2791
2792
2757
2794
2795
2796
0
2763
2734
2798
0
2799
2801
2839
2783
2804
2764
2731
2836
2761
2810
2811
2812
2857
2810
2814
0
2816
2817
2818
2820
2806
2822
2821
2822
2823
2824
2825
2826
2858
2790
2828
2749
2829
2790
2830
2831
2832
2876
2833
2834
0
2835
2800
2928
2839
2880
2845
2849
2851
2855
2852
2853
0
0
2855
2856
2859
2861
2862
2807
2860
2951
2864
2865
2831
2867
2868
2869
2870
2871
2872
2917
0
2874
2877
2873
2879
2881
2835
2886
2799
2887
0
2842
2889
2846
2890
2891
2892
2893
0
2895
2896
2898
2899
2780
2900
2901
2902
2904
2903
2945
2819
0
2905
2962
2908
2909
3018
2906
2867
2912
0
2913
2924
2915
2916
2917
2868
2918
2919
2980
0
2843
0
2840
2930
2931
2878
2838
2885
2934
2935
2937
0
0
2938
2939
2940
2982
0
3004
2943
2996
2894
2944
0
2946
2947
3014
2948
2853
2952
2953
2952
2897
2956
3015
2959
2907
0
3127
2963
2964
2965
2966
2958
2961
3031
2968
3026
3090
2971
2976
2973
2919
2968
2920
2975
2978
3033
0
3161
2983
2984
2929
3039
2986
0
2988
2989
2990
2933
2991
3048
0
2997
2941
3000
2900
2939
2943
2954
3002
0
3005
3120
2945
2950
3009
3031
3011
3013
3007
2902
3014
3017
2998
0
3060
2961
3022
3023
3024
3024
3027
3156
3033
3020
3030
3093
3105
3090
2971
3032
0
2986
0
4347
0
3040
3098
2989
0
3043
3045
3046
3048
3049
3050
3052
0
3054
3001
0
3003
0
3055
3006
0
3075
3061
3062
2955
3128
0
0
3068
2956
3064
3073
3073
3017
3139
2972
3022
3079
3080
3072
3074
2956
3085
3086
3087
3074
3089
3092
0
3209
3145
3095
0
3105
3084
3097
2936
0
0
3097
3099
0
2993
3102
3103
3044
3104
3106
3107
2999
3112
3114
2999
3115
3117
3053
0
3056
3120
3057
3123
3129
3116
0
3058
3125
3185
3127
3197
3129
3138
3109
3201
3078
3243
3138
3140
3077
3141
3142
3092
3144
3146
0
3137
3147
3147
3149
3154
3157
3157
3217
0
3159
3160
3108
3214
3165
3166
3226
3168
3170
0
3099
3110
3044
3176
0
3232
3178
3179
3182
3115
3184
3186
0
3180
3129
3181
3239
3190
0
3191
3141
3192
0
3198
0
3200
3135
3137
3137
3202
3302
3264
3154
3205
0
3215
3094
3152
0
3214
3215
3261
3164
3228
3219
0
3221
3175
3171
3227
3210
3175
3170
3178
3108
3234
3184
3236
3237
3238
3239
3240
3241
3242
3240
3187
3244
3071
3293
3198
3243
3191
0
3249
3250
3150
3142
3260
3253
3201
3220
3222
3211
3262
3318
3263
3163
3217
3260
3267
3182
3270
3273
3274
3275
3276
3177
3270
3280
0
0
3282
3283
3181
3236
3236
3288
3289
3182
3324
3293
3295
3198
3305
3242
0
3307
3309
3249
3206
3314
3260
3309
3343
3263
3268
3273
0
0
3290
3193
3323
3301
3324
3325
3312
3275
3329
3330
3322
3331
3332
4658
3322
3330
3335
0
3339
3340
3301
3341
3341
3342
0
3343
3344
3345
0
3373
3332
0
3351
3352
3351
3355
3356
3357
3359
3350
3361
3362
3363
0
3366
4802
3339
3342
3370
3371
3380
3374
3375
3376
3377
3378
3346
3346
3406
3381
3383
3384
3385
3358
3358
3389
3390
3391
3392
3392
3394
3365
3429
0
0
3377
3369
3369
3399
0
3379
3403
3404
3405
3408
3406
3379
3385
3412
3413
3412
3415
3416
3417
3418
3420
3406
3409
3408
3423
3438
3426
3427
3428
3389
3430
3417
3418
3434
3436
3427
3438
3430
3441
3441
3404
3445
3453
4914
3446
3443
3443
3447
3451
3450
3457
3456
3462
3458
3461
3467
3448
3467
3468
3470
0
0
3464
3463
3468
3469
3483
0
0
3471
0
4951
3482
3475
3478
0
0
0
3482
0
3491
0
3473
3490
3490
14
0
3497
0
3495
0
3496
3487
0
3501
3498
0
3496
3484
0
0
3505
3502
0
3488
3521
3503
3511
3509
3491
3499
19
26
0
0
3515
3517
3512
3522
3520
3521
3528
3523
3524
3512
3511
3527
3547
3524
0
3531
3538
3532
3529
3522
3534
3536
3537
3540
3535
3539
49
0
3541
3548
0
3546
3561
3538
3543
3553
3554
3556
3569
3569
3544
3560
3571
3579
3563
3574
3564
3565
3555
3578
3568
3591
0
3559
3573
3579
3581
3594
3576
3577
3589
3558
0
3582
0
3584
3587
3575
3568
3590
3590
3592
0
3593
3594
3598
3595
3615
3597
3584
3615
3600
3601
0
3594
3614
3604
3606
3605
3602
3609
3610
3611
3596
3613
3616
3614
3607
3634
3618
3612
0
3620
3623
3624
0
3600
3625
3628
3629
3634
3600
3632
3635
3640
3650
3646
4960
3621
3640
3642
3643
3650
3636
3662
3632
3646
3647
3653
3644
3652
3647
3661
4970
3649
3658
3663
0
3652
3656
3660
3664
0
0
3671
3670
3667
3675
3675
3681
181
3672
3665
3678
3691
3685
3680
0
0
3684
3686
3686
3688
3689
4989
3687
3679
3704
3695
3688
3696
0
3699
3700
3701
3697
3710
3705
3707
3706
3707
3692
3702
3698
3713
3712
3720
0
3714
3716
3724
3752
3718
3722
3715
3714
3739
3736
3728
0
0
3733
0
3753
3746
3738
3768
3725
3726
3763
3781
3731
3729
0
3767
3719
3735
3742
3752
3728
3752
3731
0
3720
3766
3823
3760
3749
0
3731
3775
0
3715
3762
3737
3769
3740
3770
3796
0
0
3786
3768
0
0
0
0
3799
3778
3759
3789
0
3723
3761
3847
3797
3817
3752
3773
3895
3773
3804
3777
3784
3778
0
3792
3782
3808
3795
3797
3792
3815
3771
3815
3851
3771
3819
3723
0
3784
3785
3808
3889
3841
3789
3824
3826
3792
3829
3797
3792
3761
3830
3835
3947
3879
3784
3851
4040
3826
3768
3809
3808
3847
3848
3791
3833
3815
3855
3900
0
3857
3859
3839
3903
3824
3846
3863
3846
3848
3888
3867
3792
3977
3833
3873
3874
3875
3852
3853
0
3783
3879
3882
3881
3883
3884
3909
3846
3914
3826
3845
3921
3826
3891
3842
3892
3888
3892
3893
3900
3798
3940
3858
3902
3907
3909
3910
3912
4040
3854
3798
0
3852
4034
3918
3905
3909
3887
3926
3924
3925
3926
3928
3893
3891
3929
3930
3916
0
0
3934
3938
3955
3950
3996
3939
3941
3964
3940
3879
3999
3919
3945
3901
3913
3950
0
0
3930
3935
4045
3966
3942
1083
3929
3840
3965
3966
3946
3943
3942
3910
3882
3972
3958
3943
3988
3928
4036
3992
0
3992
3937
3956
3961
0
3966
0
0
4030
3987
3993
4001
3909
1045
4002
3913
3990
3993
3992
3993
4009
3981
4073
3965
3905
4053
4030
4040
0
4018
3993
0
3942
3904
4022
0
4009
3996
4070
3995
0
4035
0
4013
4029
4055
3934
4018
4034
4101
4014
4027
4051
4085
3995
4032
1012
4086
4047
4066
4041
4070
4032
4033
4052
3997
4021
4066
4106
4064
4025
4041
4031
4063
4042
4078
4073
4057
0
4049
4092
4053
4091
4107
4047
4056
4068
4069
4060
0
0
4093
4105
4072
1285
4083
4099
4100
4088
1430
4057
4054
4088
4107
4091
4125
4094
4097
4080
4118
4118
4052
4109
4086
0
0
4087
4061
0
0
4108
4105
4113
4125
4099
4071
4118
0
0
4120
4116
4104
0
4120
4094
0
4094
4112
0
0
4096
4087
0
4103
4071
4071
0
0
0
4127
4128
4131
4130
0
4129
0
4134
2135
4132
4135
4137
4135
4137
0
0
0
4139
4146
4136
4151
4142
4143
4143
0
0
4147
4144
4157
4152
4150
4153
4154
4155
0
4159
4171
4161
0
4156
4166
4170
4155
4167
0
4163
0
4165
0
0
4181
4176
4173
4188
4185
0
4174
4187
0
4180
4191
0
4204
0
0
4204
4185
0
0
4192
0
4175
0
4198
4196
2287
4202
4186
0
4201
0
0
4203
0
4195
4208
4195
4200
4209
4210
0
0
4251
4230
0
4216
4222
4227
4218
4224
4224
4226
4237
4229
4215
0
4250
4233
4220
4234
0
4224
0
4238
4222
4238
4229
2887
0
4248
2913
4231
4221
4261
0
4261
4238
4243
4236
4228
0
0
4269
4259
4223
4241
4291
4265
4265
4222
4268
4282
0
4355
4269
4273
4261
4231
0
4217
4274
4288
4286
4288
4245
0
4242
0
4280
4256
4271
0
0
4262
4285
4254
4311
0
4331
0
4294
4297
4271
0
4244
4244
4298
4338
4321
0
4517
0
4325
4327
0
4308
4369
4298
0
0
0
4314
4329
0
4316
4333
4321
4297
4333
4587
4322
4321
4283
4322
4262
4306
4352
4371
0
0
4354
4256
4334
4299
4303
4252
4316
4340
4305
4339
4322
4319
4305
4332
4287
4345
4343
4348
4368
4252
0
4349
0
4328
4366
4354
4313
0
0
4340
4412
4320
4498
0
0
4394
4330
4344
0
4365
0
4459
4330
0
0
4352
4373
4257
0
4379
4475
4375
4410
4381
0
4387
4339
4388
4360
4410
4340
4394
4343
4393
4400
4534
4422
4456
4397
4399
4400
4366
4375
4375
4291
4360
4401
4473
4336
4381
0
4445
4315
4376
4373
4336
0
0
4323
0
4445
4587
4364
4382
4518
4364
4407
4490
0
4364
4364
4500
4591
4449
0
0
4418
0
0
4349
0
4459
4400
4430
4431
4434
4433
4398
4513
4426
4404
4380
4413
0
0
4450
4445
4307
4476
4448
4448
0
4341
4454
4382
4500
4430
4455
4364
4394
0
4394
0
4419
3159
0
4529
4570
0
4465
4426
4459
4352
0
0
4473
4488
4441
4474
0
4478
4608
4486
4448
4487
4488
4517
0
4492
4592
4497
0
4493
4525
4529
4428
4535
4483
4464
4430
4465
4465
4431
0
4442
4350
4498
0
4533
4393
4464
4483
0
0
0
0
4434
3340
3192
4390
4484
4522
4525
4393
0
4526
0
4493
0
4528
4529
4499
4462
4570
4535
4373
4473
4569
4580
0
4541
4579
0
0
4540
4522
4523
0
4452
4452
4468
4528
4428
4532
4510
0
4534
4532
4536
0
4702
0
4609
4476
4356
4538
4560
4591
4639
3321
4524
4495
0
4593
4595
0
4599
4530
4550
4550
4661
4542
4566
4702
4572
4573
4574
4509
0
4683
4386
4586
0
4476
3300
0
4560
4617
4544
0
4561
0
4367
4547
0
4621
4547
4597
4627
4699
4571
4599
0
4681
4573
0
4480
4557
0
4605
4798
4606
4585
4556
0
4609
4653
0
0
4655
0
0
4661
4593
4594
0
4620
4570
4571
4568
4626
4630
4631
4578
4633
4634
4600
4472
4636
4661
4610
4712
4724
4683
4745
4521
4562
4640
4559
4696
4595
4594
0
4623
4701
4675
4661
4661
4649
0
4638
0
4651
0
4684
4766
4640
4632
0
4590
4615
4695
4618
4568
4670
4642
4671
4623
0
4635
4645
4675
4677
4678
4679
4708
4682
4611
4582
0
4715
0
4720
4638
4583
4689
0
4724
4730
4668
4561
0
4695
0
4578
4700
4703
4704
4705
4583
4632
4707
4736
4708
4711
4683
4744
4682
0
0
4720
4652
4745
4721
3364
4657
3364
4727
4689
4728
4739
4757
0
4686
4680
4732
4601
4646
4777
4735
4687
4736
4737
0
4874
4744
0
0
4876
4738
0
4686
4755
4849
4754
4736
0
4728
4698
4774
4568
4760
0
4769
4737
4704
4705
4717
4680
0
0
4801
4743
4688
4639
4716
4721
4811
0
4773
4778
4759
4783
0
4780
4776
4781
0
4817
4814
4817
4773
4728
4788
4789
4850
4815
4744
4793
4794
4710
4797
4829
4628
0
4770
0
4790
4740
0
0
4812
4584
4847
4768
4826
4810
4857
4809
4769
4749
4882
4734
0
0
4781
4739
0
4825
4859
4854
0
0
4710
0
4821
0
4827
4810
4828
4841
4858
4642
4832
4772
4804
4890
4747
4847
4734
4722
0
4771
0
4848
4777
4809
4867
4730
0
0
4710
4772
4823
4834
4859
4865
4826
4817
4857
4868
4855
4895
0
4854
0
4889
4838
4878
4867
4741
4869
0
4897
4856
4875
4895
4854
4894
4886
0
4799
4890
4846
4888
4884
4858
4878
4893
4894
0
4915
4901
4900
0
4904
4903
4903
4907
4923
4915
4914
4909
4901
4906
4911
4920
4913
4918
4919
4927
4922
0
4913
4920
4928
4911
4921
4932
3458
4929
4919
0
4940
4931
4938
4916
4941
4942
4947
3477
3474
3475
4934
4944
4945
4947
4949
4950
4951
3476
0
4953
4954
4958
3650
0
3639
0
4962
0
4961
4954
4976
4959
4967
4964
4969
4963
0
4981
4981
4977
3668
4968
4978
4975
4965
4978
4973
4994
4985
0
4982
4974
4969
4974
4991
3660
4980
4971
4999
4983
4986
4993
4985
4989
3696
4994
4981
4997
4997
0
4986
4993
4995
4991
4989
4997
4987
0
0
4998
4998
4996
