17
3517
3517
0
2
5
7
7
8
10
11
18
17
13
14
15
16
0
6
18
0
20
32
32
13
23
26
28
30
27
31
43
33
21
37
45
36
38
38
29
41
42
43
41
21
0
0
59
3581
57
55
55
40
47
53
0
56
65
48
44
58
0
58
50
0
71
64
78
72
66
73
67
61
76
70
52
72
0
68
75
77
0
82
79
81
84
89
85
86
87
97
88
0
91
92
80
93
92
96
95
96
97
99
122
106
96
107
0
98
116
124
0
93
104
101
119
121
114
115
123
120
102
112
127
117
129
104
130
157
131
132
133
134
136
137
138
128
139
140
141
142
129
130
0
145
146
147
160
148
149
150
152
153
154
155
156
144
158
174
159
189
160
0
162
163
164
165
170
166
161
160
169
172
173
175
196
176
177
178
179
180
181
182
183
184
185
186
187
0
188
198
204
190
191
192
194
198
199
200
202
192
203
205
206
195
207
225
209
208
197
211
212
213
214
215
216
217
218
218
219
220
0
222
223
224
226
227
228
193
229
230
231
232
233
234
235
236
237
238
239
240
241
242
0
244
245
246
247
248
249
250
251
252
253
255
256
257
258
233
259
238
261
262
263
264
265
266
201
0
268
269
221
270
271
272
273
274
275
276
278
279
280
281
282
254
283
284
285
286
287
288
243
291
304
292
293
221
294
295
297
298
299
300
267
302
303
305
306
307
308
327
277
309
310
324
311
312
313
314
330
316
317
318
319
320
322
304
321
325
326
328
329
0
331
332
333
334
335
366
368
349
336
321
296
337
338
311
357
339
340
0
362
342
343
344
345
346
347
348
350
376
352
353
354
351
351
356
358
359
360
360
372
373
364
365
367
353
380
398
386
371
341
400
400
363
374
375
377
378
379
381
382
383
398
355
385
387
388
389
400
375
390
391
392
393
394
0
395
403
383
396
0
384
384
399
421
412
404
405
406
407
408
422
409
410
411
413
414
355
415
416
417
418
397
420
0
423
424
425
426
436
427
428
429
430
431
432
432
434
397
428
435
436
437
438
439
440
441
442
537
443
436
445
446
0
448
449
450
451
452
453
462
443
0
455
0
459
457
458
460
479
461
463
465
464
466
467
468
469
470
471
529
508
0
507
474
475
0
477
478
0
0
519
481
487
480
483
484
523
485
485
486
488
490
491
492
493
495
496
494
498
499
0
501
531
443
503
0
505
505
0
443
539
509
561
511
512
513
514
515
516
517
518
482
518
520
522
0
524
500
489
489
0
526
0
504
506
528
529
530
530
531
533
0
534
535
538
538
539
585
542
543
544
545
546
547
548
549
550
521
527
551
597
552
553
554
0
556
0
536
558
559
0
560
562
563
563
565
0
589
566
567
568
569
570
573
0
575
596
0
0
577
0
579
580
577
586
600
581
583
584
0
600
598
587
589
591
592
593
594
574
595
623
628
0
599
600
582
584
0
599
604
605
606
0
607
632
608
609
587
610
611
615
616
617
618
619
656
620
643
622
0
600
595
626
650
0
599
676
612
632
633
634
635
587
636
640
642
571
689
644
645
646
647
624
578
671
704
651
652
632
633
672
639
0
678
614
0
681
655
657
751
658
659
649
629
629
666
613
671
667
669
670
679
674
675
0
610
710
679
680
0
713
0
686
687
0
690
646
692
693
694
731
697
693
701
668
703
735
0
707
741
708
709
0
0
712
714
682
717
810
680
707
685
0
688
721
723
695
767
726
695
769
727
767
654
732
728
733
734
736
0
706
737
706
742
741
0
0
748
749
750
752
753
0
754
0
747
757
758
759
760
761
762
763
0
0
765
766
767
731
769
770
831
772
801
775
776
835
774
706
782
777
0
682
813
813
813
779
780
783
785
793
787
787
755
854
790
791
792
793
794
796
857
798
799
800
0
696
805
801
803
807
808
778
0
810
812
0
813
814
781
854
0
821
784
823
0
0
865
821
0
801
828
803
825
833
774
862
836
837
838
839
811
809
842
870
843
0
0
848
849
820
851
852
853
0
825
855
856
858
859
860
902
861
0
0
832
866
809
812
871
874
873
874
874
876
877
878
903
844
0
880
881
882
850
884
885
0
888
889
1031
890
824
891
804
895
896
897
898
899
860
901
842
912
903
846
1003
873
817
907
908
909
846
0
911
880
914
918
920
921
922
924
925
927
928
926
888
915
932
933
934
935
0
936
0
0
938
939
941
940
944
947
948
0
950
951
928
953
939
955
0
956
957
959
1039
953
939
955
0
967
968
969
1057
1066
972
973
973
974
820
975
976
894
979
980
827
982
893
984
900
985
986
869
987
0
991
992
842
918
998
0
999
1000
1003
910
1005
966
1006
1007
1008
1009
1010
1011
1012
937
0
1014
1015
927
987
1018
943
1222
1021
1023
1024
1026
1027
1028
1029
1030
1032
1033
1034
0
1132
1036
1038
961
1040
1041
1042
1043
1042
1045
1046
1047
1048
1051
1025
1052
978
1056
971
1058
1225
1041
1061
978
1042
1062
1064
1065
1058
978
1068
1069
1072
1055
1074
1076
1080
1077
1078
978
1081
1082
1084
1332
1089
0
1081
0
1087
1088
0
1090
1091
1093
1094
1095
1096
993
0
996
1095
1098
1109
1003
1102
1103
1104
1105
1106
1109
1202
1109
1035
1111
1132
0
0
1115
1116
1117
1118
1119
1120
1000
1122
1224
1125
1125
1214
0
1128
1130
1143
1133
0
1135
0
1137
0
1138
1139
1140
1141
1142
1136
1144
1145
1146
1148
1045
1149
1150
1151
1222
1152
1152
1153
1040
1154
1150
1046
1157
957
1159
1160
1040
1161
1162
1164
1165
1150
965
1169
1170
1171
983
1173
1174
1175
1176
1177
1072
1179
1186
1072
1181
1182
1086
1184
1185
1188
1189
1190
1191
1192
1193
1193
1091
0
1198
1111
1199
1200
1201
1202
1202
1112
1258
1205
1206
1208
1209
1210
1211
1276
1279
1347
1215
1214
1216
1217
1219
1220
0
1127
1223
0
1226
1227
1228
1229
1230
1231
1234
0
1235
1237
1240
1158
1163
1242
1243
1244
1246
1248
1239
1179
1250
1251
1252
1253
1254
1255
1107
1198
1257
1258
1259
1260
4043
1262
1263
1265
1270
1266
1267
1268
1269
1337
1272
1273
1274
1275
1277
1423
1283
1284
1286
1287
1288
1289
1290
1291
1292
1293
1294
1295
1296
1297
0
1299
1300
1367
1302
1303
1304
1305
1234
1305
1161
1158
1245
1309
1310
1247
1312
1313
1314
1315
1316
1248
1239
1318
1073
1320
0
0
1323
1324
1325
1326
1327
1462
1329
1330
1189
1192
1264
1333
1336
1337
1468
1339
1340
1341
1276
1342
1281
1282
1350
1285
1287
1354
1355
1356
1357
1359
1293
1362
1363
1364
1365
1366
1367
1368
1370
1371
1372
1373
1374
1375
1376
1448
1377
1378
1379
1383
1239
1452
1382
1384
1385
1386
1387
0
1388
1389
1462
1391
1392
1393
1335
1396
1398
1468
1399
0
1405
1406
1407
1502
1647
1409
1410
1411
1412
1482
1279
1485
1416
1476
1418
1419
1420
1421
1342
1424
1361
1441
0
1429
1430
1431
1433
0
1362
1436
1437
1438
1439
0
1371
1373
1443
1444
1447
1449
1450
1451
4082
1459
1461
1535
1394
1397
1465
1335
1468
1546
0
1345
1472
1403
1473
1417
1502
1477
1538
1466
0
1479
1480
1481
1482
1483
1493
1486
1426
1487
1488
1357
1491
1489
1556
1557
1496
1502
1425
1498
1499
1500
1501
1503
1504
1370
1507
1419
1434
1433
0
1511
4120
1383
1513
1444
1446
1516
1517
1448
1576
1519
1527
1520
1522
1523
1524
1525
1440
1526
0
0
1528
1457
1537
1460
0
1531
1532
1533
1417
1407
1539
1540
1541
1546
1593
1544
1545
1598
1547
1548
0
1550
1551
1552
1489
1554
1555
1558
1559
1560
1561
0
1563
1564
1565
1567
0
1568
1570
1569
1571
1572
1573
1574
1576
1575
1574
1579
1580
1581
1582
1525
1584
1544
1586
1664
1588
1656
1591
1592
0
0
1594
1594
1594
1598
1670
0
1600
1601
1602
1603
1604
0
1606
1565
1608
1609
1610
1611
1612
1613
1627
1614
1615
1616
1618
1619
0
1620
1621
1622
1623
0
0
1624
1625
0
1626
1629
1630
1631
1569
1633
1634
1635
1636
1571
1639
1640
1641
1687
1577
1644
1645
1646
1648
1542
1650
1651
1655
1657
1659
1660
1662
1597
1555
1493
1669
1670
1671
1672
1666
1622
1674
0
1675
1676
0
1677
1678
1679
1680
1681
1642
1646
0
1685
1648
1687
1689
1650
1693
1662
1584
1698
1699
1663
1700
1702
1703
1704
1706
1707
1708
1693
1713
1654
1672
1715
1713
0
1718
1719
1723
1586
1749
1701
1726
1727
1729
1648
1730
1732
1733
1733
1735
1770
1739
1740
1741
1713
1662
1695
1745
1699
1748
1702
0
1754
1799
1754
1755
1758
1759
1728
1762
1732
1733
1746
1763
1715
1736
1768
0
1773
1817
1774
1750
1776
1748
0
1779
1709
1780
1781
1781
1785
1783
1784
1786
1787
1788
1789
1790
1791
1792
1713
1773
1819
1796
1797
1798
0
1799
1799
1800
1801
1802
1803
1773
1805
1806
1809
1810
1820
1812
1813
1814
1815
1816
0
1823
1822
1824
1826
1827
1828
1829
1830
1831
1832
1825
1834
1835
1836
1837
1838
1839
1840
1841
1842
1843
1844
1845
1846
1847
1848
1849
1850
1851
1852
1853
1833
1854
1855
1856
1857
1858
1859
1860
1861
1862
1863
1864
1865
1866
1867
1868
1869
1870
1871
1872
1873
1874
1875
1876
1877
1878
1879
1880
1881
1882
1883
1884
1885
1886
1887
1888
1889
1890
1891
1892
1893
1894
1895
1896
1897
1898
1899
1900
1901
1902
1903
1904
1905
1906
1907
1908
1909
1910
1911
1912
1913
1914
1915
1916
1917
1918
1919
1920
1921
1922
1923
1924
1925
1926
1927
1929
1930
1931
1932
1933
1934
1935
1936
1937
1938
1939
1940
1941
1942
1943
1944
1945
1946
1947
1948
1949
1950
1951
1952
1953
1954
1955
1956
1957
1958
1959
1960
1961
1962
1963
1964
1965
1966
0
1967
1968
1969
1970
1971
1972
1973
1974
1975
1976
1977
1978
1979
1980
1981
1982
1983
0
1985
1994
1986
1987
1988
1989
1990
1991
1992
1995
1995
1997
1976
1999
2000
2001
2002
2003
2004
1993
2005
2006
2007
2008
2009
2004
2004
2012
2013
2014
2015
2016
2017
2018
2019
2020
2021
2022
2021
2024
2025
2026
2027
0
2028
2029
2030
2031
2032
2033
2034
2035
2036
2037
2038
2039
2041
2041
2042
2043
2044
2045
2046
2047
2040
2048
2049
2050
2051
2052
2053
2054
2055
2055
2057
2058
2059
2060
2061
2062
2063
2064
2074
2065
2066
2067
2068
2069
2070
2071
2072
2073
2074
2075
2076
2077
2078
2079
2080
2081
2082
2083
2084
2085
2086
2087
2088
2090
2091
2092
2093
2094
2095
2096
2080
2098
2099
2100
2101
2102
2089
2104
2104
2126
2075
2106
0
2075
2108
2109
2110
2111
2112
2113
2114
2115
2116
2117
2118
2119
2120
2120
2121
2122
2123
2124
2125
2127
2128
2129
2129
2130
2131
2132
2115
2135
2136
2137
2132
2134
2133
2140
2141
2142
2143
2144
2130
2146
2147
2137
2149
2150
2151
2152
2153
2154
2155
2155
2157
2159
2160
2161
2162
2163
2158
2164
2165
2166
2167
2168
2169
2170
2171
2172
2173
2174
2175
2176
2177
2178
2179
2180
2182
2183
2184
2185
2186
2187
0
2188
2189
2190
2191
2192
2198
2193
2194
2195
2181
2197
2199
2200
2201
2202
2203
2204
2205
2206
2207
2208
2209
2210
2211
2212
2213
2214
2215
2216
2217
2218
2219
0
2220
2221
2222
0
2224
2225
2235
2226
2227
2228
2229
2230
2231
2232
2256
2233
2234
0
2236
2237
2238
2239
2240
2241
2242
2243
2244
2245
2246
2247
2248
2249
2251
2252
2252
2254
0
2255
0
2257
2258
2259
2258
2261
2262
2263
2264
2265
2266
2267
2268
0
2269
2270
2271
2272
2273
0
2250
2275
2277
2280
2268
2279
2316
2281
2282
2283
2284
2285
0
2287
0
0
0
2294
2295
2293
2292
2297
2299
2300
0
0
2306
0
0
2286
2304
2305
2334
2302
0
2401
2311
2372
0
2293
2291
2312
2279
2319
2315
2293
2320
2298
0
0
2323
2300
2324
2325
2329
2329
2331
2332
0
2341
2333
2335
2336
0
2339
2340
0
2342
2346
2343
2307
2308
2399
2338
0
2370
2378
2349
2320
2350
2351
0
2353
2327
2339
2355
2356
2357
2344
2358
2359
2360
2361
0
2363
2364
2405
0
2395
2366
2368
2369
0
2369
2371
2412
2375
2374
2276
2377
0
2379
2427
2383
2352
2385
0
0
2387
0
2513
2390
2391
0
2433
2393
2394
0
2397
2398
2399
2400
2403
2370
0
2449
0
2410
2413
0
2411
2414
2418
2419
0
2420
2421
0
2422
2424
2425
2381
2382
2427
2356
2428
2429
2430
2431
2432
2434
2548
2362
2437
2438
2439
2440
2441
2442
2485
2444
2445
2402
2487
2447
2448
2449
2406
2450
2451
2452
2415
2419
2416
2454
2455
0
2458
0
2463
2460
2461
2462
2425
0
2464
2465
2462
2466
2468
2469
2470
2471
2472
2473
2390
2476
2477
2478
2479
2480
2481
2482
2475
2443
2551
2486
2487
2488
0
2446
2491
2492
2451
2493
2494
2495
2496
2497
2499
2457
2500
2463
2501
2502
2473
2388
2505
2392
2506
0
2508
2509
2510
2512
2513
2517
2555
2515
2469
2518
2519
2520
2521
2522
2522
2524
2525
2526
2527
2528
2493
2497
2531
2532
2576
2533
2536
2537
2538
2539
2571
2540
2541
2501
0
2543
2545
2511
2547
4218
2549
2517
2550
2514
2553
2554
0
2717
2557
2558
2553
2559
2560
2561
2564
2523
2566
2567
2523
2568
2613
2569
2630
2534
0
2571
2574
2577
2542
2578
2581
2583
2584
2585
2586
2587
2590
2552
2592
2589
2594
2596
2562
2560
0
2598
2599
0
2601
2603
2604
2605
2595
2606
2607
2608
2573
0
2610
2611
0
0
0
2570
0
2616
2617
2618
2549
0
2620
2621
2622
2623
2552
2626
2627
2661
2595
2628
2629
2659
2609
2655
2631
0
2612
2665
2632
2633
2601
2608
2636
2696
2640
2638
2574
2639
0
0
2641
2643
2702
2645
2646
2619
2589
2648
2649
2624
0
2652
2593
2683
2609
2684
2656
2689
2657
2658
2659
2663
2660
2696
2664
0
2607
2667
2637
2668
2744
2665
2670
2642
2672
0
2674
2644
2676
2677
2678
2679
2680
2681
2682
2724
2683
2685
2757
2722
2689
2690
2691
2730
2692
2693
2694
2695
2732
0
2686
0
2700
2698
2701
0
2705
2773
0
0
2707
2644
2709
2710
2711
2716
2712
2713
2714
2715
2675
2838
2759
2720
0
2689
2656
2726
2727
2729
0
0
2733
2734
2735
2731
2686
2736
2739
2740
2699
2700
2741
2776
2743
0
2746
0
2745
2747
0
2860
2709
2752
2753
2754
2755
2756
2791
2802
2824
2757
2758
0
2718
2760
2761
2763
2764
2765
2766
2768
2767
2767
2771
2772
0
2774
2775
2777
2778
2779
2815
2780
0
2776
2714
2783
2781
2785
2786
2751
0
2788
2789
2755
2821
0
2827
2794
2795
2796
2798
2800
2801
2802
2803
2804
2805
2806
2807
0
2651
2809
2850
2810
2811
2775
2813
2860
2714
2860
2817
2819
0
2821
2823
0
2826
2828
2862
2780
2748
2787
2831
2832
2748
2836
2837
2799
2793
2840
2841
2889
0
2843
4252
2845
2846
0
2848
2809
2850
2851
2853
2809
2855
2856
2899
2858
2859
2816
2861
2704
2863
2820
2867
2868
2870
2867
2872
2873
2874
2818
2881
2876
2877
2920
2878
2880
0
2878
2975
2883
2887
2762
0
2852
4253
2929
2886
2892
2888
2894
2895
2896
2943
2897
0
2898
2900
2901
2902
2903
2869
2864
2904
2861
2908
3009
2835
2868
2913
2874
2915
2916
0
0
2919
2847
0
2921
2922
2923
0
2925
2884
0
2890
2885
2978
0
2932
0
2892
2936
2937
2939
0
2888
2940
2897
2943
2944
2869
2870
2864
2997
0
2964
3006
2904
2904
2953
2954
2955
2863
2951
2959
2960
2961
3018
2962
3090
2918
2965
2966
3091
2927
3097
2917
2969
2830
2926
2972
0
2976
2893
2979
2980
2981
2983
3061
3045
2934
0
2984
2985
2986
2987
2995
3066
2885
3050
2945
2992
2993
2994
3003
2996
2945
2998
3004
3000
3001
2945
2949
2943
3005
3006
2951
3007
3006
2949
3009
3010
3012
3013
3014
3015
2957
3016
0
3019
3011
3025
3026
3027
0
3028
2966
3023
3094
3031
3059
3038
2926
3033
3036
3057
3037
3022
2924
3038
3039
2971
3096
3042
3039
3043
2930
3044
3102
3046
2989
2931
3107
4311
3048
3051
3051
2987
3054
2977
2945
2993
3059
3060
3063
3064
2995
0
0
0
3072
3073
3074
3143
3141
3148
3094
3079
3080
3016
3137
3147
3082
3083
3211
3084
3085
3029
3170
3095
3093
0
3098
3035
0
2970
3104
3099
3043
3044
3175
3041
2980
3116
3110
3104
3181
3119
3068
3044
3110
3117
3118
3055
0
3120
2980
3125
3126
3127
3195
3128
3131
3132
3189
3065
3134
3190
3136
3138
3065
3151
3002
0
0
3075
3204
3072
3137
0
3213
3149
3150
3151
3152
3265
3017
3154
3170
3155
3218
3151
3167
3230
3158
3168
0
3092
3164
0
3168
3044
3115
3242
3169
3183
0
3060
3092
3180
3116
3192
3245
3195
3196
3186
3140
3130
3190
3192
3194
3183
3141
0
3198
3200
3259
3202
3176
3206
3266
3088
3148
3210
3211
3212
3219
3214
3281
3286
3215
3216
3226
3078
3220
3221
3222
3226
3218
3098
3336
0
3228
3159
3164
3231
3232
3166
3104
3235
3293
0
3186
3297
3239
3240
0
3294
3306
3178
3180
3247
3248
3140
3189
3200
3259
3268
3203
3258
3144
3262
3200
3266
3267
3268
3269
3271
3272
3204
3272
3273
3274
3275
3217
3279
3280
3221
3283
3206
3285
3336
3231
3286
3157
3288
3232
3373
3290
3291
3292
3236
3111
3295
3239
3382
3235
3297
3299
3301
3302
3250
3140
3299
3240
3300
3301
3255
3364
3305
3315
3317
3309
4531
3315
3320
3321
3278
3323
3324
3327
0
3329
3330
3331
3330
3278
3324
3334
3336
3338
3339
3231
3286
3286
3346
3224
3338
3349
3350
3350
3345
3239
3356
3292
3383
3385
3361
3367
3363
3365
3299
3369
3324
3372
3337
3224
3388
3375
3377
3357
3378
3233
3401
3383
3403
3384
3404
3330
0
0
3392
3368
3390
0
3392
3416
0
3396
0
4753
3399
4706
0
3399
3426
3405
3390
3411
3412
3413
3412
3409
3415
3417
3418
3419
0
3420
3421
3422
3423
3424
3427
3401
3456
0
3429
0
3427
3465
3438
3431
3432
3433
3434
3435
3441
3436
3436
3464
3440
3442
3443
3444
3417
3446
3447
3448
3449
3449
3452
3485
3454
3434
3456
3457
3458
3465
3460
3461
3462
3441
3464
3478
3441
3470
3471
3468
0
3473
3474
3476
3464
3466
3478
3481
3482
3483
3484
3446
3486
3473
3474
3489
3490
3482
3486
3494
3494
3461
4888
3501
0
3497
3500
3503
3509
3502
0
3505
0
0
3510
3505
3509
3507
3508
3506
0
3
3519
3506
0
3513
3517
3
3529
0
9
3
3515
3511
3512
0
3518
0
3537
3518
3522
3523
3548
3525
0
3527
3527
3538
3532
3533
0
3547
3541
3540
3536
3538
3562
3521
3540
3521
0
3530
3553
3553
3566
3549
3546
3571
3535
3566
3541
3551
3544
3559
3556
3561
3555
3586
3558
3577
0
3550
3558
3562
3564
3563
3544
3583
3591
3578
3560
3572
3574
0
3593
3560
3575
3580
3575
3582
3564
3557
0
0
3576
3587
0
3600
3573
0
3586
3590
0
3588
3604
0
3609
3584
3613
0
0
3599
3610
3596
3597
3606
3614
3619
0
0
3607
3608
0
3613
3594
3618
3601
3622
3606
3624
3608
3631
44
3666
3612
3626
3611
3611
3602
3628
3630
3631
0
3647
3632
3631
3622
0
3630
3622
3634
3638
3644
3640
3629
3643
3651
3645
3633
0
3648
3653
3649
108
3650
3657
3645
3652
3661
3646
3646
3655
3656
3650
3666
3671
3657
0
3658
3659
3659
0
3665
3668
4942
3681
3672
3673
3674
3655
3676
4945
3682
3676
3693
3683
3684
3685
3686
3668
3678
3693
3690
3688
3678
3701
3700
3696
3691
0
3694
3697
3698
3690
3704
3714
3698
171
3701
3703
3704
4974
0
195
0
3708
3721
3711
3706
0
3716
3710
219
3731
3722
3736
3721
3724
3725
3727
3714
3729
3727
3735
3726
0
3727
3734
3728
3734
3732
3738
3739
3733
3741
3742
3743
3744
3746
3752
3737
0
3749
3750
3751
3760
3753
3771
3755
3773
3757
3758
3770
3761
3781
3754
3778
0
3767
0
3789
0
3760
0
0
3770
3761
3775
3765
3766
3780
3790
0
3785
3760
3774
3776
3835
3758
0
0
3789
3790
3789
3805
3815
0
0
3793
3776
3786
3777
3807
0
3821
3766
3791
3768
3829
3764
3776
3863
3779
3840
0
0
3822
3800
3802
3814
3834
3798
0
3837
3823
3810
3842
3842
3802
3801
3830
3792
0
3816
3836
0
3792
3923
3800
3832
3818
3813
3790
3802
3813
3801
3954
0
3846
3830
3847
3774
3847
3834
3795
3776
3819
3809
3823
3800
3822
3858
3843
3844
3953
3847
3878
3806
3904
3849
0
3849
3870
3819
3849
3867
3867
3823
3800
3854
3813
3854
3855
0
3857
3861
3833
3917
3850
3904
3867
3849
3865
3866
3837
0
3872
3841
3837
3889
3873
0
3855
3876
3893
3879
3864
3862
3896
3880
3904
3865
3866
3871
3866
3870
3872
3885
3841
3841
3837
3885
3919
3874
0
3873
3861
3875
3896
3897
0
3921
3896
3902
3897
3867
3901
3884
3903
3978
3906
3909
3905
3905
3923
3910
3930
3913
3914
3916
3912
3947
3866
3918
3918
3936
3905
3857
3922
3876
3927
3912
3928
3929
3966
3917
3956
3832
3917
3901
3935
3932
3934
3937
3955
3978
3938
3939
3939
0
3961
3892
3890
3874
3942
0
3922
3941
3948
0
3952
3931
3924
3992
3958
3959
0
989
3958
3938
988
3962
3944
3913
0
3947
3983
3844
0
3965
1071
3956
3993
4024
4027
3933
3932
4001
0
3976
4007
0
3979
3939
3910
4007
4030
4020
3928
4041
3971
3966
3946
3991
3992
4002
3970
3937
3935
4014
4008
3938
3944
1175
3982
3974
4002
3993
4014
3937
4039
3981
3944
3990
3946
4012
3987
3990
3931
4013
0
1079
0
3935
0
4017
4005
3980
4029
4033
0
0
3991
4026
4076
4028
0
4038
4022
4041
4063
4063
3995
4073
4026
3995
4007
4039
4021
4011
4024
4036
4037
4041
4052
4061
4032
4073
4055
0
3995
4028
3944
4038
1454
4078
4069
4067
4062
4023
4071
4071
4055
4056
0
4049
4083
4051
4059
1298
4070
4035
0
1454
4086
4054
0
4064
4083
4091
4080
4092
4094
4084
4093
4049
1434
4075
4089
4098
4105
4090
4094
4104
0
4081
4121
4081
0
4083
4068
4100
4092
4115
4098
4070
4112
4087
4103
4103
4095
4082
4111
4128
4101
4065
4106
1404
4107
4109
4120
0
4112
1456
4109
4114
4124
4130
4107
4126
4096
4133
4134
4136
4135
4155
4137
4139
4138
4140
4141
4143
4150
4146
4148
4146
4155
4167
0
0
0
0
4159
2223
0
4158
4171
0
0
0
4164
4163
4165
0
4169
4171
4157
4166
0
4169
4163
0
4168
0
4177
4178
4172
4160
4170
4192
4182
4173
0
0
0
0
4183
4196
4194
4175
4181
0
4189
0
4193
4191
4185
0
4197
4176
0
4206
4207
4203
4204
4193
0
4209
0
4216
4187
4198
4201
4201
4213
4215
0
0
2558
4215
4234
4221
4222
0
0
4226
4231
4225
4229
4283
4241
4257
0
0
4237
4239
0
4237
4260
4242
4231
4255
4267
4244
4234
4222
0
2910
4220
4221
0
0
2819
4238
4239
4265
4235
4302
4242
4284
4247
0
4258
4287
4232
0
2879
4261
4240
0
4355
4246
4270
4242
4258
4251
4289
0
4254
4262
0
4293
4301
4326
4284
4274
4297
4281
4302
4303
0
0
4271
0
4310
0
4271
4309
4310
0
4345
4398
0
4354
4298
4299
0
4315
4353
0
4279
4323
4307
0
4286
4349
0
4331
4350
4387
4293
4362
4292
4296
4268
4342
0
4327
4298
4384
4305
4348
4349
4367
4293
4334
4351
4291
4292
4354
4372
4339
4282
0
0
0
4378
4305
4581
4396
4360
4388
4388
4292
4397
4333
4373
3121
0
4371
0
4430
4374
0
4441
4270
4444
4405
4385
4412
4363
0
4401
4382
4382
4448
4330
4363
0
4454
4360
4305
4391
0
4363
4392
4364
4547
3164
4369
4353
4376
4377
4506
0
4383
0
4405
4407
4508
0
4386
4473
0
0
0
4449
4414
4452
4389
4389
0
4389
4423
4389
4457
4421
0
4399
4506
4370
4355
4425
4378
0
0
4472
0
4404
4403
4382
4403
4466
4426
4388
0
4508
4446
0
0
4411
0
4479
4331
4449
4416
4299
4417
4419
4364
4364
0
4526
4457
4495
0
4503
4465
4361
4529
4529
4532
4530
4469
4426
4378
4359
4441
4445
4559
4478
0
4480
4347
4469
4476
4563
4347
0
0
4484
4484
0
4526
4485
4545
4500
0
4522
4496
4500
4556
4524
4498
4498
4419
4369
4504
4505
0
0
0
4406
0
4512
4578
4726
0
4515
4517
4563
4566
0
4403
4502
4527
4504
4501
0
4436
4553
4468
0
4583
4515
4560
3236
4542
4539
4521
4522
4505
4627
4469
0
4550
4487
4528
4505
4544
0
4503
4443
0
4519
4475
4477
4624
3374
4420
4410
0
4570
4654
0
4551
4565
4527
4527
4492
4503
4624
4619
4602
4531
4577
4542
4606
4579
4610
0
4582
4674
4537
4449
4541
3381
4604
4541
4567
4590
4568
4456
4518
4681
4591
0
4573
4548
4617
4598
4512
4599
4565
4557
4359
0
4623
4624
0
4740
4475
4604
4593
4606
4603
0
4607
4674
0
4639
0
4592
4599
4621
4666
4659
4542
4628
4629
4576
4580
0
4673
0
0
4655
0
4657
4682
0
4569
4613
4541
4658
0
4641
4614
4663
4594
0
4737
4597
4681
4618
4689
4631
4648
4627
4626
0
4634
4540
0
0
4726
0
4607
4682
0
4612
4704
4639
4735
4557
4618
4664
0
4669
4655
0
4670
0
4630
0
4631
4659
4704
4658
3439
4638
4758
4783
4683
0
4600
4686
4561
4602
4651
0
4690
4609
4743
4799
4659
0
4693
4718
4647
4632
4696
4638
4632
4631
4701
4700
4726
4702
0
0
4672
3423
4638
4601
4705
4849
4520
4762
4704
4737
0
0
0
4708
4712
4688
4713
4665
4716
0
0
0
4772
4558
4744
4721
4858
4693
4698
4724
4701
0
0
0
4806
4715
4770
4739
4783
4778
4781
4742
0
0
4747
0
4693
0
4720
4752
4746
0
4754
4757
4758
0
4759
4826
4691
4766
4763
4770
0
0
4755
4661
4774
4768
4775
4833
0
0
4774
4806
4685
4832
4780
4763
4750
4720
4742
4721
4721
4785
4784
4692
4786
4789
0
4638
0
0
0
3439
4761
4656
4817
4809
4811
4800
4744
0
4784
4805
0
4839
4804
4775
4761
4808
4819
4814
4697
4795
4813
4790
4791
0
4826
4787
0
4759
4820
4824
4771
4832
4759
4849
4829
4819
4819
4815
4707
4871
4810
4812
4692
4821
0
4799
4876
4761
4783
0
4867
4809
0
4833
4869
4804
4860
4826
4816
4880
4816
4861
4864
4877
4847
0
4876
4831
4845
4878
4845
4882
4846
4862
4867
4884
0
4883
4828
0
4885
4869
4887
0
4875
4891
3497
3497
4900
4889
4892
4892
4890
4893
4895
4898
4888
0
4901
4910
0
4903
0
0
4908
4909
4913
4906
4908
4926
4909
4914
4922
0
4916
0
4915
0
0
4907
4915
4924
4928
4930
4923
4922
4930
3538
0
4927
4938
4923
4931
3524
4937
3522
4952
4948
4954
0
4943
3679
4948
4973
0
4979
0
4958
4946
4950
4950
4947
4962
4977
4959
4953
4964
4960
4963
4964
0
3699
0
4979
4952
4966
4989
4973
4959
4975
4987
5000
4985
4975
4953
3699
4983
4983
3718
4964
4987
4991
4989
4992
3722
4998
4982
4999
4992
0
4985
