3
1
1
4
6
0
10
10
11
12
13
14
3
16
7
0
18
0
8
14
0
22
38
38
16
26
29
32
34
30
36
37
39
23
49
50
42
43
43
33
58
46
37
58
23
0
0
64
3552
63
59
59
45
52
57
0
60
73
53
47
0
66
0
54
61
81
87
88
74
75
83
76
69
86
80
56
74
0
77
85
0
0
92
89
91
94
99
95
96
97
107
98
0
101
104
90
103
104
106
105
106
107
109
131
115
106
116
0
108
125
133
0
103
113
127
0
130
123
124
132
129
111
121
136
126
138
113
139
140
141
142
143
144
146
147
148
137
149
150
151
152
138
139
0
154
155
156
170
157
158
159
161
162
163
164
165
166
167
184
168
169
170
0
172
173
174
175
176
177
171
170
180
182
183
185
207
186
187
188
189
190
191
192
193
194
195
196
197
198
199
200
215
201
202
203
205
200
210
211
213
203
214
216
217
206
218
236
220
219
208
222
223
224
225
226
227
228
229
229
0
231
0
233
234
235
237
238
239
204
240
241
243
244
269
242
245
247
248
249
250
251
252
246
253
254
255
256
257
258
259
260
261
262
264
263
267
268
266
269
270
249
272
273
274
275
277
278
212
279
280
281
232
282
283
284
286
265
287
288
290
291
292
293
289
295
296
297
298
299
301
302
0
305
306
307
308
232
285
309
311
312
314
315
300
316
276
318
319
320
321
337
310
322
323
366
340
324
294
325
341
327
328
329
330
331
332
306
334
335
336
338
339
0
342
343
344
345
346
379
304
317
347
334
333
349
350
340
351
352
353
374
354
357
358
359
360
361
362
363
380
365
367
368
369
0
0
371
372
373
375
375
385
386
377
378
0
368
381
382
399
384
356
415
415
376
387
388
389
390
391
392
393
394
382
397
398
400
401
402
415
388
403
404
405
407
408
409
410
406
394
411
412
396
396
414
425
418
419
420
421
422
423
424
426
427
428
429
430
397
431
432
433
434
435
437
438
439
440
441
442
454
444
445
446
447
448
449
449
451
435
445
453
454
473
455
456
457
458
459
528
493
454
462
452
463
464
465
466
467
468
469
470
493
471
472
501
474
476
477
478
479
480
482
484
485
486
487
488
489
490
460
559
495
471
0
498
500
0
502
503
481
505
0
506
514
507
508
509
510
512
512
513
515
516
517
518
519
520
521
522
523
524
525
526
527
493
530
471
532
532
533
493
534
535
536
499
537
538
539
540
541
542
543
511
543
545
547
548
549
550
552
552
553
554
0
531
555
557
559
560
560
527
611
563
564
565
589
589
534
591
566
567
568
569
570
571
572
573
574
546
556
575
630
576
578
579
580
581
582
583
584
585
586
0
587
588
588
0
0
621
593
594
595
596
597
600
577
601
603
604
605
606
607
608
609
606
0
634
612
614
615
637
634
617
619
621
622
623
624
627
625
628
0
631
605
633
634
613
615
638
633
640
641
642
643
644
645
646
648
619
710
650
652
653
654
655
656
657
658
681
660
662
634
628
664
0
635
633
668
690
645
670
672
673
619
675
679
680
598
661
682
683
727
0
663
686
687
689
647
691
645
670
693
694
678
716
651
0
696
697
698
778
699
700
636
685
685
0
704
687
707
708
709
738
712
713
714
710
0
738
718
720
743
745
723
724
701
726
727
728
760
729
684
731
760
734
711
736
767
737
750
742
739
740
741
717
0
744
746
747
869
718
750
719
781
751
752
823
732
763
757
732
793
755
763
764
765
733
801
766
771
806
804
770
804
772
742
0
774
775
776
777
779
780
781
782
784
785
786
0
787
788
789
790
791
815
815
758
792
763
684
793
794
858
796
831
799
803
862
802
804
838
805
806
746
840
840
840
809
810
813
814
875
817
817
783
844
820
821
822
875
824
825
887
827
828
829
0
832
834
831
855
920
0
808
806
869
0
870
840
841
811
844
848
845
846
847
884
879
850
845
853
831
854
855
857
830
802
863
864
865
866
868
900
837
0
807
0
911
0
873
0
917
877
878
880
884
857
885
886
888
889
890
891
892
894
895
859
897
837
0
0
898
902
898
898
905
907
908
909
872
874
941
913
903
876
915
916
910
918
919
0
0
923
921
833
925
893
926
927
928
890
929
0
940
909
1023
1108
902
906
935
936
937
1023
911
939
941
942
944
945
946
947
949
836
951
952
953
918
943
967
956
957
958
959
960
0
961
0
963
964
965
966
968
969
971
972
973
952
0
963
974
975
976
1069
977
979
0
963
974
0
985
986
987
988
990
991
992
992
993
917
996
997
883
1000
1001
0
1005
924
1007
1008
1009
1010
1017
1011
3945
1013
1014
0
944
1020
948
1021
1022
1108
938
1029
1030
1031
1032
1033
1034
1035
1036
1037
1038
1039
1040
1041
951
1011
1044
1045
1151
1046
1047
1048
1050
1051
1052
1053
0
1056
1057
1058
1059
1142
0
1061
1062
1063
0
1064
1065
1064
1068
1067
0
0
1071
1049
1072
999
1081
989
1082
1055
0
1078
999
1064
995
1080
1002
1082
999
1084
1086
1186
1074
1088
3958
1092
1089
1090
999
0
1093
1094
1203
1095
0
0
0
0
0
0
0
1102
1337
1104
0
1101
1015
0
1018
0
0
1119
1108
901
1109
1110
1107
1112
1119
1114
1119
1060
1207
1142
1123
0
1125
1127
1128
1129
1130
1131
1022
1132
1236
1025
1025
1028
1138
1115
1140
1155
1144
1121
1145
1124
1147
0
1148
1149
1152
1153
1154
1156
1158
1159
1160
1161
1068
1054
1163
1164
1151
1170
1170
1166
1063
1168
1163
1067
1171
1069
1172
1173
1063
1174
1175
1176
1177
1163
984
1180
1181
1077
1006
1182
1183
4026
981
1185
1186
1187
1194
1186
1099
1188
1097
1191
1192
1197
1198
1199
1200
1271
1201
1201
1102
1205
1206
1207
1208
1209
1210
1114
1114
1212
1211
1215
1216
1219
1220
1221
1222
1223
1224
1355
1226
1028
1228
1229
1230
1231
1232
1234
1235
1314
1237
1238
1239
1240
1241
1242
1315
1245
1246
0
1249
1250
1251
1252
1253
1254
1255
1257
1449
1187
1261
1262
1196
1260
1264
1265
0
1206
1267
1211
1269
1270
4034
1272
1273
1276
1282
1277
1278
1279
1280
1281
1283
1284
1285
1286
1287
1493
0
1292
1233
1295
1296
1297
1298
1299
1300
1301
1302
1303
1304
1305
1306
1373
1308
1375
1310
1311
1312
1247
1315
1247
1174
1250
1318
1319
1321
1256
1323
1324
1325
1326
1327
1257
1449
1322
1330
1331
1332
1457
1334
1335
1336
1342
1338
1398
1340
1341
1198
1271
1274
1344
1348
1281
1406
1350
1351
1352
1223
1416
1289
1290
1357
1293
1295
1362
1363
1364
1365
1367
1301
1369
1370
1371
1372
1374
1375
1376
1378
1379
1248
1380
1381
1382
1383
1450
1384
1385
1386
1390
1449
1388
1389
1391
0
1393
1394
1453
1396
1397
1398
1399
1400
1401
1346
1403
1405
1406
1407
0
0
1411
1459
1503
0
1552
1477
1414
1415
1484
1224
1486
1418
1474
1420
1421
1422
1423
1416
1425
1428
1435
0
1432
1433
1434
1436
0
1369
1438
1439
1440
1441
1446
1379
1380
1444
1445
1448
1629
1451
1452
1527
1460
1461
1475
1402
0
1465
1346
1406
1467
1468
1469
1470
1409
1471
1412
1503
0
1478
1479
1480
1481
1482
1483
1484
1534
1675
1487
1427
1489
1490
1365
1491
1564
0
1609
1496
1503
1426
1499
1500
1501
1502
1505
1506
1378
1508
1421
1511
1436
1576
1515
1522
1390
1513
1445
1447
1519
1520
1450
1643
1524
1525
1526
1528
1455
1530
1531
0
1533
0
0
1535
1538
1476
1539
1462
1540
1541
1542
1412
1459
1546
1547
1548
1467
0
1590
1551
1553
1556
1557
0
1561
1562
1598
1564
1510
1674
1565
1566
1567
1568
0
1569
1571
1572
1573
1498
1574
1577
1582
1578
1579
1580
0
1643
1583
0
1584
1585
1586
1587
1531
1589
1590
1663
1671
1664
1666
1593
1594
1554
1555
1597
1597
1597
1553
1560
1678
1602
1603
1604
1599
1606
1607
1610
1572
1612
1613
1614
1615
1617
1618
1619
1620
1621
1622
1625
1626
0
1627
1628
1682
1630
1616
1631
1633
1634
1635
1636
1640
1641
1642
1582
1645
1646
1647
1648
1578
1651
1652
1653
1624
0
1656
1657
1658
1730
1660
1661
1662
0
1667
1668
1669
1670
0
1674
1675
1676
1560
1679
1701
1673
1682
1683
1684
1685
0
1687
1688
1689
1690
1691
1692
1654
1658
0
1697
1730
1624
1719
1661
1702
1670
1589
1705
1706
1707
0
1710
0
1711
1713
1714
1715
1702
1739
1665
1701
1759
1739
0
1723
1724
0
1663
1743
1709
1726
1727
1729
1730
1753
1731
1734
1734
1733
1722
0
1736
1737
1739
1670
1704
1741
1706
1742
1710
0
1746
1790
1746
1749
1751
1752
1728
1754
1731
1734
1757
1755
1759
1718
1760
1761
1784
0
1764
1744
1766
1742
0
1768
1769
1770
1771
1771
1772
1773
1774
1775
1776
1777
1778
1779
1780
1781
1739
1784
1783
1786
1787
1788
1789
1790
1790
1792
1793
1794
1795
1784
1796
1797
1799
1800
1807
1801
1802
1804
1803
1805
1806
1808
1809
1811
1813
1814
1815
1816
1817
1818
1819
1812
1820
1821
1822
1823
1824
1825
1826
1827
1828
1829
1830
1831
1832
1833
1834
1835
1836
1837
1838
1839
1840
1841
1842
1843
1844
1845
1846
1847
1848
1849
1850
1851
1852
1853
1854
1855
1856
1857
1858
1859
1860
1861
1862
1863
1864
1865
1866
1867
1868
1869
1870
1871
1872
1873
1874
1875
1876
1877
1878
1879
1880
1881
1882
1883
1884
1885
1886
1887
1888
1889
1890
1891
1892
1893
1894
1895
1896
1897
1898
1899
1900
1901
1902
1903
1904
1905
1906
1907
1908
1909
1910
1911
1912
1913
1914
1916
1917
1918
1919
1920
1921
1922
1923
1924
1925
1926
1927
1928
1929
1930
1931
1932
1933
1934
1935
1936
1937
1982
1938
1939
1940
1941
1942
1943
1944
1945
1946
1947
1948
1949
1950
1951
1952
1953
1954
1955
1956
1957
1958
1959
1960
1961
1962
1963
1964
1965
1966
1967
1968
1969
1970
1971
1972
1980
1973
1974
1975
1976
1977
1978
1979
1981
1981
1983
1963
1985
1986
1987
1988
1989
1990
0
1991
1992
1993
1994
1995
1990
1990
1998
1999
2000
2001
2002
2003
2004
2005
2006
2007
2008
2007
2010
2011
2012
2013
0
2014
2015
2016
2018
2019
2020
2021
2022
2023
2024
2025
2026
2017
2017
2028
2029
2030
2031
2032
2033
2034
2035
2036
2037
2038
2039
2040
2041
2042
2042
2043
2044
2045
2046
2047
2048
2049
2050
2051
2052
2053
2054
2055
2056
2057
2058
2059
2060
2051
2062
0
2064
2065
2066
2067
2068
2069
2070
2071
2072
2073
2074
2075
2076
2077
2063
2078
2079
2080
2081
2067
2083
2084
2085
2086
2087
2088
2089
2089
2110
2062
2092
0
2062
2093
2094
2095
2096
2097
2098
2099
2091
2100
2101
2102
2103
2104
2104
2105
2106
2107
2108
2109
2111
2112
2113
2113
2114
2115
2116
2091
2120
2121
2122
2116
2119
2118
2125
2126
2127
2128
2129
2114
2131
2132
2122
2134
2135
2136
2137
2138
2139
2140
2140
2141
2143
2144
2145
2146
2148
2142
2149
2150
2151
2152
2153
2154
2155
2156
2157
2158
2159
2160
2161
2162
2163
2164
2165
2167
2168
2169
2170
2171
2172
2173
4153
2174
2175
2176
2177
2178
2179
2180
2181
2166
2182
2183
2184
2185
2186
2187
2188
2189
2190
2191
2192
2193
2194
2195
2196
2197
2198
2199
2200
2201
2202
2203
2204
2205
2206
2207
0
2208
2209
2210
2211
2212
2213
2214
2215
2216
2217
2218
2219
4160
0
2221
2222
0
2223
2224
2225
2226
2227
2228
4163
2272
2229
2230
2231
2233
2234
2234
2235
2236
2237
2238
2239
2241
2244
2241
2256
2247
2248
2249
2250
2251
2252
2315
2240
2255
2275
2258
2259
2260
2343
2232
2253
2270
2271
2315
2273
2295
2274
2277
2278
2279
2280
2281
2283
2265
2288
2265
2290
2292
2293
2291
2296
2242
2323
2297
2299
2300
2284
0
2282
2304
2305
2340
2335
2344
2411
2309
2351
2310
2293
2385
2348
2273
2317
2314
2293
2320
2298
0
2391
2319
2323
2324
2263
2326
2326
2327
2330
2344
2303
2364
2332
2333
0
2336
2337
2338
2339
2308
2341
2334
2306
2377
2347
0
2413
2389
2387
2320
0
2321
2394
2356
2325
2336
2360
2361
2363
2365
2366
2367
2368
2369
2371
2372
2373
2417
2343
0
2375
0
2424
2310
2424
2382
2428
2386
2420
2268
2519
2358
2318
2441
2393
0
2395
2362
2397
0
2398
2534
2402
2401
2404
2451
2405
2406
2407
2408
2409
2377
2349
2412
2413
2419
2422
0
2425
2472
2432
2433
2429
2434
2473
2426
0
0
2390
2437
2438
2440
0
2392
2441
2361
2445
2446
2447
2448
2450
2452
2497
2457
2455
2456
2458
2459
2460
2416
2461
2463
2508
0
2464
2465
2510
2422
2379
2468
2469
2470
2430
2473
2427
2474
2475
0
0
0
2517
2439
2481
2482
2440
2483
2484
2478
2482
2486
2488
2489
2491
2492
2493
2553
2402
2496
2498
2499
2500
2501
2502
2503
2453
2462
2570
2505
2464
2507
0
2418
0
2511
2469
2513
2514
2515
0
2516
2518
2480
2520
2517
2522
2523
2553
2525
2526
2449
2527
2528
2532
2529
2530
2536
2534
2568
0
2537
2489
2539
2540
2541
2542
2543
2543
0
2545
2547
2548
2512
2513
2516
2551
2521
2598
2552
2554
2533
2556
2557
2594
0
2559
2522
2561
2562
2564
2531
2566
4222
2565
2568
2569
0
2572
2573
2574
2709
2576
2577
2572
2579
2582
2580
2614
0
0
2583
0
2587
2588
2590
2653
2592
2593
2594
2597
2599
2600
2601
2602
2604
2605
2606
2607
2608
2610
0
2611
2612
2613
2584
2581
2582
2617
2615
2619
2620
2621
0
2623
2624
2625
2626
2627
2628
2595
2654
2629
2630
2631
2593
2555
2591
2665
2637
2639
2640
2565
2641
2642
2643
2645
2646
0
2648
2649
2656
2625
2652
2698
2688
2710
2655
2657
2658
2659
2693
2660
2661
2621
2628
2663
2664
0
2666
2597
2668
2634
2726
2670
2671
2672
2673
2674
2675
2612
2678
2679
2644
2681
2682
2683
2711
2710
2712
2755
2684
2686
2687
2688
0
2689
2664
2692
2724
2627
2695
2635
2696
2697
2693
2804
0
2699
2700
0
2636
2702
2703
2704
2705
2706
2707
2708
2748
2711
2713
2784
2753
2684
2716
2717
2758
2762
2718
2719
2720
2760
2691
0
0
2723
2728
2727
2797
2730
2801
2732
2733
2734
2636
2737
2738
2739
2746
2742
2743
2840
2745
2747
2860
2749
2750
2714
2684
2755
2830
2756
2757
0
2761
2721
2763
2764
2759
0
2833
2767
2768
2725
2723
2769
2802
2770
2771
2735
0
2740
2774
0
2744
2737
2779
2780
2781
2817
2782
2783
2827
2751
2784
2785
2824
2787
2788
2789
2792
2793
2794
2795
2796
2765
2765
2799
2800
0
2803
2838
2805
2806
2807
2841
2809
2771
2802
2840
2812
2810
2813
2814
2808
2815
4256
2816
2817
2819
0
2778
2820
2821
2822
2786
2825
2826
2827
2828
2829
2790
0
0
0
2791
2832
2874
2836
2837
2838
2839
2744
2840
2744
2844
2846
2847
2819
2849
0
2865
2851
2894
2809
2775
2823
2853
2902
2775
2858
2859
2861
2866
2862
2864
0
2867
2868
2869
3002
2870
2871
2872
2832
2874
2875
2876
2832
2877
2878
0
2880
2881
2811
2923
2729
2888
2886
2925
2928
2966
2925
2890
2930
2931
2845
2907
2893
3087
2941
2900
2896
2898
2900
0
2863
2906
2873
2904
2912
4255
0
2905
2911
2835
2913
2914
2915
2919
2891
2916
2917
2879
2918
0
2882
2920
2921
2922
2923
2926
2927
2857
2928
2929
2931
2932
2933
0
0
2938
2939
2940
2942
2944
2945
2895
2947
2903
2895
2950
2951
3000
2952
2954
2955
2911
2956
2957
2909
0
2835
2961
2891
2919
2964
2920
2966
2921
2965
0
0
2970
2922
2922
2885
2971
2979
2888
3028
2974
2975
2976
3037
2978
3106
2937
2982
2983
0
3093
3052
2897
2985
2852
2949
2989
2991
0
0
3047
2995
0
2998
2999
3061
2958
3001
0
3010
3003
0
3016
3025
2951
3069
0
3011
3012
3013
3014
3017
0
3021
3022
3023
2963
0
3029
2919
3026
2970
3028
3027
2970
3029
2927
3030
3031
3032
0
3034
3035
3036
0
0
0
3040
3085
2935
3041
3042
2983
3044
3164
3048
3058
3050
2949
2980
3046
3039
3118
0
2946
3050
2987
2988
3104
3059
2987
2992
2996
3060
2994
3063
3005
2953
0
3067
3009
3070
3070
0
3072
3006
0
3012
3058
3078
3081
3073
3016
0
3083
3088
3145
3146
3091
3148
3092
3154
3164
3095
3096
3036
3205
3098
3099
3109
3163
3100
3101
3105
3057
3107
3051
0
3279
3056
3119
2986
3121
3110
2992
3060
0
3065
2995
3120
3068
3121
3122
0
2977
3060
3068
3127
3128
3129
0
3079
2995
3134
0
3135
0
0
3138
3139
3194
3082
0
3113
3151
3089
3082
3158
2967
0
0
3150
3253
3145
3205
3153
3155
3156
3157
3158
3160
3161
3144
3165
3057
3169
3231
3158
3225
0
3171
3232
3172
0
3173
3223
3232
3060
3066
3182
3115
3140
3187
3078
0
3196
3120
3198
0
0
3137
3143
3191
3192
3113
3198
3199
3140
3092
3141
0
3203
3159
3204
3207
3224
3256
3208
3154
3210
3163
0
0
3217
0
3319
3214
3215
3226
3212
0
3221
3222
3226
3231
3279
3176
3223
3227
3230
3173
3271
3234
3177
3121
3237
3325
3236
3143
3334
3242
3289
3188
3280
3287
3130
3196
0
3247
3191
3194
3203
3159
3291
3202
3251
3149
3299
3203
3256
3257
3291
3258
3292
3211
3253
3211
0
3254
0
3216
3261
3266
3221
3220
3224
3269
3176
3271
3319
3170
3274
3234
0
3276
3277
3278
3238
3235
0
3242
3353
3237
3334
3288
3290
3286
3189
3191
3288
3289
0
3290
3248
3339
3293
3294
3296
0
3303
3294
3301
0
3259
3304
3306
3307
0
3308
3310
3309
3310
3259
3306
3313
3176
3316
3317
3271
3319
3319
3322
3302
3316
0
3281
3281
0
3242
3330
3278
3335
3337
3336
3344
3338
0
3288
0
3306
3345
0
3302
3407
3350
3314
0
3366
3351
3369
3335
3371
3331
3342
3310
0
0
3360
3357
3358
3348
3360
3382
3348
3349
0
0
3392
4559
3368
3392
0
3372
3358
0
3377
3406
3377
3375
3381
3383
3364
3384
3385
3386
3387
3388
4772
3391
3394
3369
3393
0
3396
3427
3394
3398
0
3400
3401
3402
3403
3404
3432
3405
3405
3378
3408
3409
3410
3411
3383
3414
3415
3416
3417
3417
3419
3420
3422
3403
3393
3397
0
3398
3429
3430
3431
3432
3378
3446
3432
3438
3437
3440
3441
3442
3423
3444
3378
3445
3446
0
3447
3448
3450
3414
3452
3442
3423
3458
3455
3447
3452
0
0
3430
4897
3462
3463
3461
3465
0
3464
3467
3466
3472
0
3466
3468
3472
3464
3473
3474
3475
3476
0
0
3475
0
3479
1
0
3485
3481
3480
0
3488
3482
3483
3484
3486
3503
0
3486
3490
3491
3493
4946
0
3507
3507
3495
3496
3499
0
0
3521
3508
3519
3495
3517
3514
3508
3514
3535
5
3513
3513
0
3523
3498
3543
3501
0
3521
0
3515
3532
3541
3527
3528
3539
3531
3546
3524
3525
3531
3517
3512
3529
3515
3555
3563
0
3533
3536
3545
3530
3544
3533
3548
3549
3548
3554
3512
3553
3559
3560
3565
3562
0
3566
3556
3537
3539
3572
0
3585
3568
0
3580
3558
3577
3578
3597
3574
3591
3547
3570
3583
3596
3587
3618
3564
3594
3589
0
3577
3571
3595
3575
3609
3583
3600
3589
3598
47
3642
3569
3602
3604
3604
3582
3606
3613
3598
3608
3638
70
3598
3609
3603
3613
3609
3612
3615
3624
3616
3625
3620
3621
3619
3611
0
3627
0
3649
117
3626
3632
3619
3628
3635
3623
3623
3639
3630
3626
3642
3647
3632
0
3633
3634
3634
3636
3641
3645
4950
3648
3650
3651
4947
3639
3657
4952
3656
3657
3662
3659
128
0
3679
3645
3646
3662
3667
0
3646
3666
3669
3673
3663
4963
3671
3668
3681
3667
3680
3690
3681
181
3666
3689
3680
0
3687
206
3686
3684
0
0
3682
3692
3693
230
0
0
3698
3700
0
3701
3702
3703
3690
3695
3703
3708
3705
3715
3703
3699
3711
3699
3710
3712
3714
3706
3717
3716
3718
3720
3719
3726
3725
0
0
0
3727
3732
3744
3738
3745
3789
3730
3729
3734
3763
0
3737
3754
3756
0
0
3733
0
3732
3752
3750
3734
3763
3751
3742
3739
3766
3761
3747
3771
3732
3778
3764
3798
3729
3767
3759
3733
3761
3733
3797
3749
3776
3752
3793
3764
3741
3736
0
0
0
3739
0
3805
3769
3731
3764
3787
3788
3800
3809
3755
3792
3790
3794
0
3817
3772
0
3823
3801
3773
3827
3827
3794
3795
3780
3777
0
3786
3785
3822
3777
3775
3790
0
3810
0
3761
3794
0
3795
3914
3770
0
3780
3807
3778
3807
3817
3808
3764
3819
0
3801
3790
3792
3826
3828
3845
3829
3807
0
3782
0
3821
3822
3821
3818
3819
3821
3820
3820
3801
3790
3841
0
3841
3863
3799
3844
3847
3814
3887
3853
0
3820
3821
3888
3855
3823
0
3839
3858
3823
3898
3860
3861
3863
3862
3864
3865
0
3852
3848
3866
0
3888
3855
3857
3855
3818
3839
3875
3858
3858
3823
3875
3939
3859
3861
3860
3847
3867
3848
3885
3849
3991
3848
3886
3885
3820
3917
3893
3891
3904
0
3895
3894
3894
3775
3830
3912
0
3900
3901
3909
3956
3855
3856
3856
3890
3894
3844
3925
3862
3908
3909
3987
0
3957
3887
3962
0
3887
3917
4003
3919
3944
3873
3967
3904
3926
3927
3927
0
3953
3930
3905
3859
0
3976
3925
3928
3935
3910
3940
3933
3889
3965
3931
3950
3945
3947
3931
3926
0
3929
4008
0
0
3956
3963
3845
3937
0
3932
3962
1091
4047
0
3969
3919
4001
0
0
3994
0
3973
3927
3830
3994
3986
3988
3987
4042
3979
3957
3911
3980
3965
3982
3915
3873
4003
3921
0
3926
4008
4026
3977
3968
3982
1091
3921
3873
4009
3975
4008
3990
3911
3880
4018
3990
3933
3983
4000
4014
0
4003
0
4004
4006
3874
0
0
4012
4012
3980
4023
4046
4015
4048
4039
3954
4042
4021
4021
4022
4020
4023
4022
3994
4009
3997
4067
4047
0
4050
4042
4051
4044
0
4020
4045
0
4022
4015
4008
4039
0
4027
4028
4043
4071
4076
4055
4055
4045
3998
0
4031
4070
3984
4057
4059
4062
4033
4032
0
4086
0
0
4066
4070
4083
4069
4068
4081
4072
4088
4031
1511
4060
3999
0
0
4096
4081
4097
4053
4063
4084
4063
4075
4070
4087
4110
4068
4104
0
4062
4094
4073
4101
4101
4102
1527
0
4116
4103
4098
4061
1410
4093
4106
1522
4107
4094
4112
4106
0
4082
4118
4093
4100
0
4119
4121
4120
4124
4129
4123
4126
4125
2147
4128
4127
4143
4131
4135
4131
4129
4154
0
4130
4141
4134
4145
4146
4149
4155
4156
4158
4152
4152
4151
0
0
4177
4161
4156
4142
4159
4179
4161
0
4175
0
0
4180
4164
4174
4176
4168
0
0
4173
4216
4196
0
4185
4186
4197
4181
4189
4188
0
4172
0
4208
4182
4192
0
4199
0
4195
2376
2312
4203
0
4208
4216
4211
0
4218
4217
4205
0
0
0
4219
4220
0
2577
4219
4244
4249
4224
4225
0
4231
0
4230
4241
4237
4233
0
4239
0
4242
4263
4261
4242
4259
4277
0
4276
4250
0
4244
4224
0
4251
4238
4249
4254
0
2846
0
4263
4278
4246
4268
4277
0
4270
4223
4266
0
4229
0
4275
0
4264
0
4318
4269
4290
4277
4266
0
4247
4451
4260
2959
4296
4292
4300
4325
0
4283
0
4319
4268
4301
0
4356
4280
4303
4304
0
4280
4308
4304
0
4273
4312
0
0
4297
4317
0
4320
0
4286
4298
4322
0
0
4271
4342
4310
4388
4333
0
4292
4394
4316
4315
0
0
4321
4358
4297
4446
4357
4341
4342
0
4292
4346
4382
0
4316
0
4348
4323
4362
4321
0
4296
4353
4357
0
4344
4414
4383
4383
4316
0
4431
4330
3125
4398
4294
4364
4471
0
0
0
4290
4554
4407
4373
4370
4384
4380
0
4372
4372
0
4381
4384
0
0
4414
4357
4385
4484
4384
4421
4291
4490
3173
4468
0
4403
4366
4622
4433
4408
4339
4407
4355
4445
4368
4378
4475
4517
3186
0
4480
4359
4428
4393
4393
4426
4393
4397
4393
4465
0
4349
4432
4622
4499
4318
4467
4353
4354
0
0
4402
4376
4441
4372
4441
0
0
4383
4309
4445
4379
4450
0
0
4535
4439
4388
4480
4422
4317
4458
0
4291
4291
0
4463
4465
4493
4349
4469
4527
0
4498
4498
4576
0
4542
0
4353
4472
0
4481
0
4476
4449
4375
4324
4542
4478
0
4324
4568
0
4482
4482
0
4463
4457
4464
4461
4489
4543
4524
4461
4650
4497
0
0
0
4468
4525
4502
0
4507
4438
0
0
4552
4582
4586
4423
4514
4513
0
4396
4727
4441
4501
4573
4525
4500
0
4443
4548
4553
0
4666
4514
0
3238
0
4537
4540
4543
4502
4632
4542
4544
4430
4599
0
4502
4549
0
4469
4474
0
4609
4452
4447
4630
3321
4566
4419
4560
0
4659
0
0
4643
4573
4573
4526
4469
4630
4563
4627
3303
4580
0
4612
4556
4485
0
4511
4583
4587
4480
4591
3352
4607
4591
0
0
4671
4561
0
4674
4596
4538
4572
4495
0
0
4552
0
4643
4621
4472
4626
4629
4630
0
4603
4452
4607
4608
4612
4610
4589
4615
4583
4564
4670
4727
4601
0
4628
4624
4668
0
4633
4634
4579
4584
4680
0
4637
4593
4662
4638
0
0
4618
3362
0
4591
4693
4642
0
4569
4672
4571
4646
4731
4648
4674
0
0
4689
4652
4632
4631
4655
4639
4614
3421
4477
4586
0
4615
0
4642
4640
4669
4670
0
4621
0
4677
4623
4684
4662
4686
4687
4665
4635
0
4689
4668
4669
4693
3380
4613
4722
4796
4620
0
4775
0
4595
4627
4703
0
0
0
4700
4840
4668
4654
4744
4708
4657
4710
4779
4613
4710
4689
4724
4717
4586
4719
4761
4720
0
4772
4613
4585
4777
4858
4588
0
4669
4731
4788
4673
4745
4749
4676
4842
4678
4699
4698
4531
4733
0
4735
4682
4707
4713
4679
4744
4739
4740
4724
4702
0
4844
4822
4604
4781
4753
4796
4790
4755
4760
4702
4761
4762
4736
4744
0
4718
0
4743
4808
0
0
4722
4808
4806
4776
0
0
4747
4781
4807
0
4787
4726
4783
4784
4785
4887
0
4773
4783
4822
4730
4754
4750
4747
4795
4718
4760
4713
4713
4798
4847
4830
4799
4804
0
4613
4810
4769
0
3380
4815
4814
4831
4778
4818
4809
4707
4820
4847
4794
0
4848
4828
4785
4815
4829
4821
4833
4836
0
4837
4803
0
4810
4776
4768
4688
4806
0
4834
4853
4754
4806
4858
4843
4821
4821
4824
4801
4892
4734
4838
4830
4759
4852
4840
4854
4815
4796
0
4883
4778
0
4887
4851
4828
4884
4776
4705
4893
4705
4850
0
0
4873
4688
4854
4860
4888
4867
4888
0
4880
4879
4883
4813
4863
0
0
4767
0
4851
4885
0
4872
4898
3461
3461
4901
4895
4896
4896
0
0
4903
0
4897
0
4910
4912
4909
0
4914
4920
4913
4937
4923
4917
4913
4916
4937
0
4924
4932
4929
0
4930
0
0
4919
4930
4940
4926
4945
4938
4924
4945
3495
4943
4939
3500
4938
4935
3497
3489
3490
3678
4953
0
4951
3653
0
4953
4980
0
4958
0
4961
4954
4957
4957
4959
4966
4977
4955
4986
4960
4949
0
4960
4951
4972
4965
4958
3678
4987
4988
4980
4955
4981
4998
4990
4997
4981
4986
4972
4982
4982
3696
4960
4998
4976
4988
4995
3698
0
0
4974
4995
4989
4997
