0
3499
2
14
4
13
8
8
5
6
9
10
11
12
33
14
15
16
6
19
22
24
27
22
26
27
32
59
37
29
30
31
32
45
35
27
40
38
39
40
52
52
42
43
44
45
43
34
49
51
3577
63
56
53
55
61
50
57
58
60
62
46
47
64
57
81
74
65
76
79
46
70
71
60
82
73
75
83
67
85
78
80
54
82
72
88
84
108
110
72
90
91
89
92
93
94
103
96
95
107
96
99
100
102
103
105
109
120
110
111
99
132
114
115
116
121
105
127
99
117
3679
124
125
141
128
142
130
122
151
112
150
136
138
139
140
143
144
142
145
146
147
148
134
164
152
137
154
125
155
156
157
158
159
160
161
162
164
165
166
167
175
169
170
171
172
173
174
180
175
167
176
178
179
181
182
183
184
240
185
186
187
188
189
190
191
192
193
194
195
196
197
198
199
233
200
201
214
202
203
204
206
199
207
208
3709
209
210
211
213
212
214
215
216
217
218
219
220
221
222
222
3719
224
225
226
227
228
229
230
231
232
234
235
237
238
236
239
242
243
263
244
245
246
241
247
248
249
250
251
252
253
254
255
256
258
257
260
261
259
240
262
263
264
265
266
267
269
270
205
271
272
273
274
275
276
277
302
278
279
280
281
283
284
285
286
282
287
288
289
290
291
292
293
295
296
298
299
300
301
303
305
306
308
309
310
311
268
313
314
315
316
333
317
318
319
320
321
319
323
324
325
326
327
347
328
329
298
331
332
334
335
353
322
338
339
340
341
342
377
343
312
344
330
345
346
347
348
349
350
370
351
352
354
355
356
357
358
359
360
408
361
362
363
364
365
366
367
368
369
394
371
374
375
376
378
363
380
381
396
383
372
373
386
387
405
388
389
390
391
392
393
381
395
397
398
399
400
401
402
403
404
406
407
409
410
394
412
384
385
387
414
415
416
417
418
419
421
422
423
424
425
427
428
429
430
411
432
413
420
413
435
436
437
441
438
439
440
442
443
444
444
446
411
439
447
441
448
449
450
451
452
453
486
488
465
455
456
457
458
459
460
461
462
463
464
467
468
473
471
472
474
475
476
477
478
464
479
480
481
482
483
484
485
486
487
488
488
489
490
491
493
495
470
496
497
477
498
534
499
507
500
501
502
503
505
504
506
508
509
510
511
512
513
514
515
516
426
517
518
519
520
554
522
547
523
524
526
585
525
494
527
528
529
530
531
532
533
533
535
537
545
538
539
541
541
542
573
543
546
547
548
548
519
549
551
552
585
556
557
558
559
560
561
562
563
564
565
536
544
568
566
622
567
569
570
571
574
575
553
577
578
579
608
581
582
653
653
554
584
607
612
557
613
586
587
588
589
590
591
592
593
618
594
595
596
597
598
599
600
601
602
599
604
624
605
625
624
603
609
606
614
615
690
616
617
619
620
621
623
603
576
624
606
576
627
628
629
630
611
631
657
632
634
634
611
635
611
638
639
640
641
642
643
644
645
646
647
712
714
599
576
652
673
651
675
703
654
655
656
703
658
682
660
636
662
663
664
712
665
666
667
668
671
670
673
606
679
677
697
697
633
724
657
657
681
682
706
707
725
704
685
686
687
688
650
674
719
689
678
720
695
696
728
699
700
701
698
708
728
702
739
735
738
710
711
744
752
715
717
716
722
724
725
694
691
727
758
684
733
729
731
734
736
838
729
684
709
774
743
747
752
749
751
716
721
750
755
756
757
759
726
726
800
765
761
803
800
801
708
764
766
728
768
769
770
771
772
773
774
775
762
777
778
779
780
782
783
784
785
786
746
746
717
791
789
790
827
721
793
795
752
797
731
741
765
806
807
809
843
802
811
844
812
746
813
813
814
815
816
817
818
819
820
822
823
824
825
826
855
828
831
832
852
833
834
808
837
862
892
807
839
810
902
815
845
876
847
848
850
851
852
921
853
794
854
856
858
860
836
861
863
864
894
1088
868
906
848
872
873
846
875
814
880
878
879
881
882
883
884
857
885
886
887
888
888
917
889
895
1007
801
892
893
928
895
898
929
899
900
909
1017
903
936
904
905
871
944
907
908
910
946
911
912
915
913
877
830
916
883
917
918
919
920
922
921
923
901
1014
927
1008
928
1011
930
931
932
1014
934
935
936
937
938
947
1210
949
1010
943
944
1030
973
945
946
947
949
950
952
953
954
955
956
968
957
958
959
960
961
962
963
965
966
967
973
974
968
968
975
969
970
980
971
972
974
968
975
976
870
1067
979
1058
982
983
985
910
985
988
913
990
991
916
994
995
996
997
998
999
945
3945
1003
1004
1009
1210
1010
1012
1013
1094
1222
1018
1019
1020
1021
1022
1023
1024
1025
948
1026
1027
1028
1030
1001
1031
1032
1034
1035
1036
1037
1038
959
1039
961
1041
1042
1048
1043
3976
1044
1045
1046
1047
1154
1062
1055
1049
1055
1151
1056
1051
1050
1162
1167
1052
1053
1029
1062
1064
1055
1057
1059
1060
1060
1063
1064
1055
1065
1178
1066
992
982
1071
1070
1064
3925
1072
1073
3949
1076
1074
1075
3949
1081
1077
1078
1080
1082
1181
1084
1080
1086
1087
1093
1091
1092
1005
1089
1091
1100
1094
1095
1008
1098
1099
1100
1101
1102
1103
1107
1205
1207
1106
1110
1111
1112
1115
1116
1279
1118
1119
1120
1121
1122
1123
1218
1017
1104
1128
1129
1130
1131
1145
1133
1134
1113
1136
1137
1138
1139
1230
1141
1142
1143
1132
1135
1148
1149
1144
1151
1153
1253
1154
1159
1155
1044
1127
1156
1158
1159
1160
1161
1247
1163
1164
1154
1312
1166
1168
1169
1170
1165
1159
977
1172
1068
1190
1174
1175
1324
1170
982
1060
1178
1188
1180
1181
1257
1183
1184
1103
1186
1187
1214
1109
1190
1191
1192
1193
1194
1267
1195
1196
1197
1270
1206
1200
1109
1202
1203
1204
1207
1208
1209
1280
1211
1094
1405
1215
1216
1217
1015
1346
1097
1221
1222
1293
1224
1225
1227
1228
1229
1230
1231
1232
1233
1147
1234
1235
1236
1237
1238
1239
1240
1311
1242
1243
1245
1316
1159
1246
1248
1249
1250
1251
1253
1254
1325
1256
1257
1258
1259
1260
1261
1200
1263
1206
1265
1266
1177
1267
1268
1269
1209
1275
1276
1277
1342
1273
1281
1282
1283
1284
1285
1286
1285
1287
1349
1291
1293
1354
1294
1295
1296
1297
1298
1299
1300
1301
1302
1303
1305
1354
1307
1308
1309
1316
1311
1316
1312
1314
1247
1315
1317
1319
1320
1321
1322
1323
1324
1325
1318
1327
1328
1326
1330
1331
1332
1333
1389
1334
1335
1336
1206
1337
1192
1270
1340
1267
1212
1274
1402
1343
1344
1345
1413
1413
1346
1549
1348
1289
1351
1292
1299
1354
1355
1357
1358
1359
1361
1363
1364
1365
1366
1367
1369
1370
1306
1371
1372
1373
1445
1432
1307
1375
1376
1313
1377
1448
1378
1379
1380
1449
1382
1383
1451
1384
1385
1386
1387
1391
1392
1329
1458
1395
1396
1394
1397
1212
1398
1462
1401
1402
1403
1549
1406
1407
1484
1410
1538
1412
1413
1480
1347
1415
1469
1418
1419
1420
1421
1413
1287
1424
1485
1429
1426
1425
1430
1431
1433
1507
1478
1373
1437
1438
1439
1440
1445
1449
1442
1443
1320
1512
1444
1624
1446
1447
1516
4019
1531
1455
1533
1537
1528
1457
1542
1397
1400
1460
1402
1212
1463
1464
1466
1467
1468
1484
1542
1417
1533
1471
1474
1473
1563
1475
1476
1477
1478
1479
1481
1482
1486
1487
1488
1491
1359
1489
1490
1491
1670
1495
1484
1470
1496
1497
1498
1499
1500
1568
1501
1502
1504
1505
1419
1507
1433
1574
1509
1516
1510
1443
1513
1515
1448
1519
1521
1523
1525
1585
1526
1528
1520
1530
1531
1454
1537
1539
1540
1468
1542
1472
1544
1545
1546
1563
1586
1587
1550
1409
1551
1552
1553
1554
1595
1491
1555
1669
1492
1559
1560
1561
1564
1566
1642
1569
1570
1574
1575
1567
1577
1578
1576
1579
1581
1633
1648
1582
1583
1584
1585
1586
1587
1588
1589
1590
1591
1592
1593
1599
1656
1656
1656
1558
1671
1598
1600
1601
1602
1596
1651
1604
1607
1642
1608
1609
1610
1611
1563
1598
1612
1613
1614
1615
1616
1565
1618
1619
1620
1621
1622
1623
1679
1625
1626
1627
1628
1630
1631
1634
1635
1636
1638
1639
1640
1641
1567
1644
1645
1646
1647
1580
1650
1690
1652
1694
1653
1654
1655
1656
1586
1657
1660
1662
1664
1665
1740
1666
1668
1669
1670
1606
1672
1674
1675
1676
1679
1680
1681
1682
1683
1684
1685
1686
1687
1689
1647
1690
1690
1692
1693
1694
1618
1695
1697
1654
1734
1700
1740
1586
1701
1702
1744
1657
1705
1706
1707
1708
1710
1711
1712
1778
1713
1734
1735
1698
1676
1697
1721
1720
1708
1722
1666
1723
1745
1726
1727
1728
1729
1730
1694
1758
1757
1764
1764
1733
1716
1736
1719
1737
1738
1739
1740
1743
1702
1774
1746
1706
1752
1751
1751
1753
1755
1756
1729
1758
1759
1762
1764
1761
1762
1716
1765
1766
1735
1769
1767
1742
1771
1772
1747
1774
1798
1777
1802
1779
1780
1780
1783
1781
1782
1784
1785
1787
1788
1789
1790
1791
1735
1792
1815
1795
1796
1797
1807
1800
1822
1801
1688
1803
1804
1805
1815
1773
1806
1808
1809
1810
1820
1811
1812
1813
1816
1814
1817
1817
1818
1819
1821
1823
1824
1825
1827
1828
1829
1830
1831
1832
1833
1826
1834
1835
1836
1837
1838
1839
1840
1841
1842
1843
1844
1845
1846
1847
1848
1849
1850
1851
1852
1853
1854
1855
1856
1857
1858
1859
1860
1861
1862
1863
1864
1865
1866
1867
1868
1869
1870
1871
1872
1873
1874
1875
1876
1877
1878
1879
1880
1881
1882
1883
1884
1885
1886
1887
1888
1889
1890
1891
1892
1893
1894
1895
1896
1897
1898
1899
1900
1901
1902
1903
1904
1905
1906
1907
1908
1909
1910
1911
1912
1913
1914
1915
1916
1917
1918
1919
1920
1921
1922
1923
1924
1925
1926
1927
1928
1930
1931
1932
1933
1934
1935
1936
1937
1938
1939
1940
1941
1942
1943
1944
1945
1946
1947
1948
1949
1950
1951
1996
1952
1953
1954
1955
1956
1957
1958
1959
1960
1961
1962
1963
1964
1965
1966
1967
1968
1969
1970
1971
1972
1973
1974
1975
1976
1998
1977
1978
1979
1980
1981
1982
1983
1984
1985
1986
1987
1988
1989
1990
1991
1992
1993
1994
1995
1995
1997
1998
1999
2001
2002
2003
2004
2010
2011
2005
2006
2007
2008
2009
2010
2010
2012
2013
2014
1987
2015
2016
2017
2000
2018
2019
2020
2019
2022
2023
2024
2025
2026
2027
2028
2029
2031
2032
2033
2034
2035
2036
2037
2038
2039
2039
2030
2041
2042
2043
2044
2045
2046
2047
2048
2049
2050
2051
2052
2053
2054
2055
2055
2056
2057
2058
2059
2060
2061
2062
2063
2073
2064
2065
2066
2067
2068
2069
2070
2071
2072
2073
2074
2075
2076
2077
2078
2079
2080
2081
2100
2082
2083
2084
2085
2086
2099
2087
2088
2089
2090
2091
2092
2093
2079
2094
2095
2096
2097
2098
2099
2101
2112
2074
2102
2074
2105
2106
2107
2108
2109
2110
2111
2123
2113
2114
2115
2116
2117
2126
2118
2119
2120
2121
2122
2123
2124
2125
2141
2141
2127
2128
2134
2144
2131
2132
2133
2130
2135
2136
2137
2138
2139
2140
2127
2142
2143
2133
2145
2146
2147
2148
2149
2150
2151
2151
2152
2154
2155
2156
2157
2159
2153
2160
2161
2162
2163
2164
2165
2166
2167
2168
2169
2170
2171
2172
2173
2174
2175
2176
2177
2178
2179
2180
2181
2182
2183
2184
2185
2186
2187
2193
2188
2189
2190
2191
2192
2194
2195
2196
2197
2198
2199
2200
2201
2202
2203
2204
2205
2206
2207
2208
2209
2210
2211
2212
2213
2214
2215
2216
2217
2218
2219
2220
2221
2222
2223
2224
2225
2226
2227
2228
2250
2230
2231
2232
2244
2233
2234
2235
2236
2237
2238
2239
2241
2243
2271
2246
2245
2246
2247
2248
2249
2251
2252
2256
2268
2253
2229
2255
2282
2258
2259
2270
2286
2276
2261
2318
2263
2265
2266
2267
2285
2269
2272
2273
2274
2264
2261
2317
2279
2249
2279
2251
2554
2282
2267
2283
2286
2287
2288
2289
2290
2291
2307
2292
2287
2296
2277
2298
2301
2300
2301
2257
2302
2303
2332
2304
2305
2330
2308
2311
2312
2295
2350
2315
2373
2316
2373
2410
2317
2355
2353
2283
2320
2356
2299
2322
2322
2329
2325
2327
2330
2331
2302
2335
2313
2336
2336
2338
2338
2339
2373
2341
2340
2544
2343
2344
2345
2346
2347
2307
2348
2401
2349
2378
2317
2318
2361
2357
2358
2359
2360
2333
2337
2386
2395
2400
2365
2362
2367
2368
2370
2371
2415
2379
2544
2375
2347
2377
2388
2352
2381
2413
2383
2388
2418
2423
2389
2520
2391
2324
2392
2393
2443
2446
2394
2397
2493
2402
2403
2404
2405
2406
2407
2408
2409
2410
2465
2466
2413
2416
2417
2419
2425
2414
2439
2473
2388
2430
2425
2426
2443
2427
2476
2429
2432
2433
2435
2436
2440
2441
2435
2434
2444
2484
2447
2448
2449
2396
2450
2451
2452
2454
2412
2455
2403
2457
2458
2459
2460
2461
2544
2504
2463
2411
2464
2509
2506
2467
2468
2469
2473
2470
2471
2421
2472
2474
2519
2475
2443
2476
2474
2477
2435
2519
2479
2522
2480
2481
2482
2434
2483
2489
2478
2482
2486
2487
2488
2490
2491
2485
2492
2493
2495
2496
2497
2498
2499
2500
2501
2503
2494
2511
2464
2505
2506
2507
2509
2510
2421
2512
2513
2514
2515
2518
2521
2522
2562
2594
2525
2526
2527
2528
2529
2530
2531
2532
2533
2531
2534
2498
2539
2537
2538
2488
2540
2541
2542
2543
2545
2546
2547
2548
2542
2550
2551
2552
2553
2562
2516
2555
2558
2517
2556
2525
2557
2535
2559
2560
2595
2561
2563
2523
2565
2574
2572
2573
2536
2575
2576
2716
2580
2579
2580
2582
2586
2583
2584
2586
2654
2587
2615
2588
2589
2592
2593
2657
2633
2567
2597
2595
2598
2599
2600
2601
2567
2608
2603
2605
2606
2566
2607
2574
2610
2648
2609
2654
2613
2584
2586
2619
2619
2620
2621
2616
2622
2623
2624
2626
2614
2627
2628
2629
2630
2631
2590
2668
2637
2632
2638
2675
2641
2642
2608
2644
2565
2647
2649
2650
2679
2616
2683
2651
2652
2659
2655
2656
2657
2658
2690
2657
2661
2662
2663
2664
2665
2666
2629
2667
2669
2670
2598
2671
2673
2702
2674
2559
2676
2677
2678
2612
2681
2682
2757
2718
2719
2723
2686
2687
2688
2689
2691
2693
2694
2695
2696
2697
2628
2699
2636
2700
2811
2702
2806
2704
2750
2706
2645
2708
2709
2710
2711
2712
2713
2715
2757
2720
2721
2761
2686
2724
2725
2767
2770
2714
2727
2731
2728
2775
2775
2730
2806
2732
2733
2736
2737
2659
2734
2896
2741
2745
2744
2707
2783
2784
2747
2748
2749
2751
2752
2786
2754
2755
2716
2795
2796
2758
2759
2760
2686
2762
2763
2723
2764
2765
2847
2766
2768
2769
2774
2771
2772
2773
2730
2776
2734
2778
2779
2806
2780
2805
2781
2701
2746
2783
2819
2782
2868
2785
2785
2788
2789
2790
2827
2791
2829
2759
2793
2794
2796
2797
2798
2843
2799
2800
2886
2802
2803
2805
2807
2808
2809
2812
2810
2850
2813
2814
2815
2853
2816
2817
2820
2821
2822
2866
2823
2787
2824
2825
2826
2827
2830
2792
2831
2833
2834
2794
2836
2875
2837
2838
2839
2840
2842
2844
2885
2887
2848
2850
2851
2812
2818
2786
2857
2859
2752
2860
2898
2839
2839
2861
2862
2830
2909
2863
2868
2816
2869
2865
2867
2869
2911
2871
2872
2873
2874
2876
2877
2844
2878
2879
2880
2881
2882
2883
2884
2887
3149
2888
2889
2849
2892
2893
2855
2895
2903
2988
2936
2898
2899
2900
2939
2982
2835
2901
2941
2910
2975
2902
2832
2864
2904
2905
2906
2907
2912
2913
2917
2841
2914
2922
2916
2841
2921
2889
2925
2924
2926
2927
2928
2972
2930
2931
2932
2891
2933
2934
2977
2935
3044
2895
2936
2937
2859
4241
2939
2940
3001
2942
2943
2944
2945
2946
2974
2948
2950
2951
2925
2953
2954
2955
2957
2956
3002
3124
2958
2841
3018
3016
2962
2963
2918
2916
2923
2967
2971
2973
2975
2924
2976
2977
2977
3034
2935
2935
2983
2988
2897
2985
2986
2987
3044
2900
2989
2990
2991
3050
3051
2995
3172
2996
3002
3057
3003
3069
3060
3004
3074
3006
3063
2999
2914
3012
3010
3082
3014
2965
3143
3018
3083
2918
3085
3020
3021
3023
2970
2978
3030
3025
3148
3033
3090
3021
2980
3035
3037
2984
3043
3036
3041
3092
3042
2984
2985
2994
3046
3045
3104
3047
3048
3049
3100
2993
3105
3059
3054
3097
3117
3056
3062
3119
2998
3058
3040
3017
2963
3071
3009
3135
3013
3078
3075
3079
3005
3076
3082
3137
3081
3015
3084
3086
3086
3029
3087
3087
3023
3088
3090
3091
3138
3027
3092
3094
3095
3096
2992
3025
2994
3038
3101
3099
3102
3103
3104
3162
2993
3167
3106
3107
3049
3109
3110
3155
3113
3174
3066
3123
3223
3122
3241
3183
3179
3110
3128
3131
3080
3130
3241
3185
3132
3081
3223
3139
3014
3136
3185
3142
3260
3190
3081
3011
3141
3194
3261
4332
3014
3144
3145
3210
3146
3212
3153
3154
3204
3011
3150
3198
3206
3157
3092
3159
3108
3052
3161
3162
3163
3196
3165
3168
3170
3240
3171
3276
3227
3172
3173
3180
3165
3121
3177
3182
3130
3183
3126
3190
3134
3127
3187
3081
3085
3193
3131
3190
4378
3261
3138
3191
3207
3209
3201
3213
3195
3203
3255
3155
3206
3188
3208
3209
3211
3266
3157
3216
3159
3205
3158
3275
3223
3157
3219
3102
4412
3222
3240
3118
3225
3226
3120
3228
3285
3162
3233
3279
3229
3290
3238
3239
3291
3242
3245
3243
3246
3248
3292
3184
3301
3252
3203
3256
3257
3259
3199
3200
3254
3259
3262
3198
3207
3264
3304
3268
3255
3307
3267
3272
3269
3277
3270
3221
3269
3275
3277
3278
3314
3280
3235
3235
3285
3346
3282
3363
3284
3242
3286
3231
3238
3287
3240
3288
3289
3245
3291
3292
3247
3293
3294
3328
3341
3295
3296
3254
3253
3299
3300
3343
3345
3301
3200
3302
3207
3308
3255
3305
3347
3303
3313
3351
3314
3251
3309
3346
3310
3306
3311
3312
3219
3289
3273
3310
3316
3357
3317
3318
3320
3322
3358
3323
3358
3326
3327
3331
3332
3291
3334
3331
3336
3337
3337
3338
3300
3258
3344
3301
3387
3300
3309
3374
3303
3281
3310
3349
3349
3356
3350
3352
3349
3353
3324
3354
3359
3360
3361
3364
3329
3362
3383
3335
3370
3297
3372
3373
3391
3345
3358
3396
3377
3378
3383
3380
3381
3383
3382
3424
3367
3437
3386
3390
3389
3391
3393
3374
3375
3377
3399
3400
3401
3402
3401
3398
3384
3404
3428
3405
3406
3407
3407
3408
3409
3410
3411
4745
3390
3414
3414
3413
3415
3394
3442
3419
3420
3421
3422
3423
4685
3448
3418
3425
3417
3426
3427
3450
3428
3428
3430
3431
3432
3433
3433
3435
3436
4745
3456
3422
3413
3440
3441
3448
3443
3457
3445
3447
3448
3449
3459
3453
3450
3451
3452
3451
3453
3455
3438
3457
3458
3459
3462
3461
3462
3463
3464
3460
3465
3466
3468
3455
3444
3469
3470
3460
3463
3468
3467
3473
3444
4910
3478
3475
3476
3480
3479
3484
3481
3483
3482
3485
3483
3490
3488
3488
3486
3496
3493
3500
3512
3493
3499
3514
3500
3498
3497
3501
3502
1
4945
3510
3503
3504
3505
3538
3540
3511
3489
3520
3532
3524
3524
3513
3541
3519
3540
3519
3
3531
3530
3546
3554
3554
3518
17
3536
3542
3542
3525
24
3545
3525
3543
3560
3544
3551
17
3549
3551
3522
3556
3558
3561
3552
3544
3585
3555
3562
3563
3579
3567
3553
3569
3571
3572
3573
3559
3564
3580
3586
3570
3583
3568
3581
3584
3585
3565
3596
3598
3601
3565
3590
3568
3592
3593
3582
3572
3588
3596
3589
3618
3599
3602
3589
3591
3588
3605
3601
3608
3595
3594
3600
3611
3612
3603
3614
3615
3618
3621
3617
46
3602
3619
3631
3620
3601
3622
3623
3624
3626
3608
3630
3644
3628
3609
3633
3650
3634
3637
3627
3648
3639
3640
3642
3645
3653
3638
3661
3649
3641
3652
3628
3629
3655
3656
3658
3659
3670
3657
3660
3661
3643
3663
3656
3666
3681
3668
3670
3671
4950
3662
4953
3677
3678
3679
3684
3680
3681
3675
163
3682
3672
3693
3685
3686
3687
3688
3689
3685
3691
3692
3693
3686
3694
3711
3693
177
3699
3701
3696
3702
3707
3706
3710
3708
3697
3712
3716
3714
3717
3723
3718
3707
3721
3723
3726
3711
3725
3724
3728
3735
3720
3737
3714
3739
3742
3744
4994
3722
3732
3734
3738
3740
3741
3741
3731
3745
3746
3748
3748
3757
3755
3770
3771
3799
3753
3758
3754
3752
3754
3772
3763
3756
3764
3783
3766
3769
3815
3797
3791
3793
3761
3765
3773
3824
3785
3803
3768
3787
3778
3760
3791
3762
3774
3780
3807
3796
3781
3837
3784
3802
3824
3853
3855
3808
3799
3792
3807
3836
3819
3811
3800
3790
3782
3803
3771
3815
3775
3853
3798
3794
3846
3810
3853
3812
3813
3829
3827
3856
3813
3805
3818
3781
3838
3823
3822
3875
3822
3837
3894
3880
3830
3817
3786
3833
3832
3832
3851
3848
3837
3858
3837
3851
3825
3822
3804
3842
3820
3911
3934
3856
3844
3835
3835
3859
3833
3889
3873
3837
3823
3825
3822
3841
3927
3790
3812
3860
3831
3871
3834
3835
3970
3845
3835
3862
3851
3876
3866
3883
3864
3865
3866
3867
3843
3869
3857
3868
3887
3872
3874
3872
3892
3839
3879
3840
3851
3877
3882
3866
3883
3884
3885
3887
3888
3890
3912
3872
3873
3871
3891
3901
3873
3875
3935
3919
3893
3893
3903
3895
3896
3922
3897
3983
3909
3856
3868
3932
3914
3902
3876
3940
3878
3904
3921
3896
3905
3962
3856
3908
3912
3963
3913
3916
3917
3915
3957
3940
3919
3992
3921
3904
3839
4029
3897
3941
3866
3898
3924
3973
3907
3928
3966
4009
3929
3885
3821
3953
3911
4025
3969
3938
3926
984
3992
3923
3965
3941
3945
3944
3946
3927
3950
3946
3963
3910
3937
3979
3954
3937
3957
3992
3959
3996
3943
3992
4007
3948
3973
3963
3952
3951
3978
3969
3995
3974
3975
3912
3936
3977
3968
3988
3971
4012
4029
3972
4009
3982
3906
1125
1150
3977
3990
3956
3993
3994
3995
4008
3981
1125
3964
3886
3900
3983
3998
4008
3971
4000
3955
3998
4027
3978
4015
4004
4008
4008
3933
4041
3985
4023
3964
4001
3991
4005
3989
4011
4012
4060
3960
4040
4013
3906
3987
4042
3954
4033
4016
4064
4023
4046
3997
4000
3997
4059
4010
4028
4034
4030
4037
4052
4066
4001
1368
4046
4048
4022
4047
4032
4032
4084
4070
4016
4057
4058
4038
4061
4049
4049
4062
4061
4063
4050
4050
4065
4086
4068
4073
4071
4046
4081
4020
4076
4059
4091
4085
4064
4018
4051
4045
4072
4072
4075
4060
4086
4067
4069
1388
4077
4089
4054
4079
4092
4083
4074
4066
4051
1518
4088
4088
4090
4102
4076
4094
4101
4088
4102
4099
4096
4103
4107
4105
4104
4112
4108
2158
4114
4110
4110
4116
4118
4115
4123
4120
4113
4124
4120
4127
4113
4130
4128
4133
4142
4135
4141
4144
4139
4123
4146
4143
4140
4147
4147
4143
2242
4151
4152
4159
4139
4155
4156
4159
4154
4176
4148
4168
4179
4167
4162
4169
4190
4175
4157
4163
4173
4181
4163
4184
4170
4193
4200
4188
4191
4174
4187
4199
4186
4189
4164
4191
2374
4195
4194
4203
4208
4197
4202
4207
4205
4206
4185
4185
4208
4209
4201
2569
4211
2570
4212
4221
4239
4255
4215
4214
4223
4248
4263
4219
4235
4214
4232
4239
4253
4223
4236
4229
4217
4233
4218
4250
4234
4254
4242
4252
4212
4231
4240
4231
4245
2920
4246
4230
4251
4270
4251
4253
4232
4256
4294
4243
4226
4257
4222
4290
4260
4268
4303
4280
4218
4280
4262
4273
4294
4290
4249
4258
4264
4335
4258
4315
4269
4261
4272
4275
4276
4225
4265
4281
4277
4327
4275
4290
4268
4266
4353
4321
4286
4326
4364
4274
4292
4298
4296
4296
4314
4376
4332
4300
4302
4398
4284
4287
4320
4305
4307
4225
4260
4297
4314
4278
4312
4249
4313
4356
4375
4261
4408
4339
4320
4319
4322
4350
4347
4416
4276
4361
4351
4373
4290
4395
4503
4333
3026
4298
4268
4402
4333
4301
4381
4410
4343
4342
4288
3160
4343
4346
4342
4329
4331
4456
4279
4363
4405
4361
4335
4336
4406
4336
4381
4445
4301
4343
4358
4483
4305
4348
4448
4650
4347
4385
4545
4461
4365
4367
4350
4401
4361
4433
4433
4431
4353
4406
4377
4409
4413
4359
4317
4382
4418
4347
4386
4417
4389
4390
4365
4385
4368
4428
4391
4361
4469
4349
4370
4317
4428
4372
4403
4371
4407
4444
4400
4428
4406
4376
4509
4340
4514
4518
4387
4509
4384
4388
4355
4380
4362
4542
4416
4362
4504
4347
4421
4310
4459
4365
4457
4363
4423
4394
4330
4351
4528
4397
4462
4436
4438
4556
4437
4479
4441
4352
4477
4379
4480
4443
4406
4521
4544
4424
4420
4448
4451
4485
4452
4523
4546
4349
4421
4599
4429
4454
4458
4499
4461
4463
4460
4453
4460
4438
4409
4516
4476
4509
4486
4450
4484
4480
4452
4445
4544
4447
4541
4652
4597
4490
4422
4529
4493
4364
4374
4575
4524
4457
4525
4462
4434
4467
4450
4505
4506
4566
4478
4510
4534
4513
4517
4447
4539
4411
4520
4411
4614
4525
4486
4636
4526
4571
4472
4466
4533
4533
4512
4469
4516
4535
4538
4412
4493
4544
4674
4597
4414
4454
4598
4531
4631
4495
4653
4553
4690
3389
4554
4558
3369
4563
4561
4506
4473
4536
4591
4483
4511
4543
4570
4529
4617
4674
4602
4540
4426
4529
4496
4581
4578
4579
4607
4688
4605
4589
4585
4556
4589
4529
4565
4610
4660
4554
4590
4668
4595
4595
4596
4671
4572
4613
4593
4497
4602
4600
4604
4581
4605
4606
4584
4607
4583
4555
4548
3343
4560
4660
4643
4639
4663
4571
4488
4592
4646
4707
4619
4648
4615
4619
4620
4581
4557
4626
4627
4628
4629
4630
4715
4632
4606
4577
4587
4633
4555
4432
4634
4638
4695
4562
4613
4696
4699
4567
4641
4557
4592
4755
4673
4649
4687
4677
4688
4634
3412
4656
4527
4559
4635
4725
4661
4625
4664
4723
4696
4559
4590
4586
4644
4672
4706
4694
4618
4647
4675
4676
4678
4679
4680
4628
4684
4688
4688
4703
4607
4662
4750
4723
4555
4765
4751
4728
4699
4665
4699
4667
4784
4668
4704
4705
4708
4654
4709
4737
4711
4738
4740
4623
4715
4682
4684
4794
4719
4746
4637
4721
4723
4667
4615
4712
4701
4666
4706
4707
4554
4786
4673
4624
4875
4736
4751
4755
4777
4796
4710
4866
4712
4623
4724
4852
4760
4713
4757
4743
4791
4771
4744
4750
4717
4768
3369
4726
4727
4707
4615
4681
4711
4761
4757
4764
4800
4814
4776
4769
4748
4795
4721
4831
4745
4774
4803
4770
4841
4749
4779
4710
4735
4778
4779
4778
4815
4732
4718
4775
4731
4751
4787
4797
4788
4790
4754
4791
4792
4793
4756
4799
4801
4756
4764
3412
4744
4717
4742
4804
4836
4833
4763
4655
4761
4857
4811
4810
4860
4836
4768
4733
4825
4815
4826
4817
4816
4819
4818
4826
4864
4832
4838
4876
4808
4869
4809
4834
4829
4822
4804
4825
3434
4806
4762
4804
4727
4853
4860
4860
4831
4820
4751
4734
4877
4697
4843
4789
4894
4843
4733
4818
4795
4866
4871
4878
4804
4851
4827
4852
4850
4855
4862
4830
4872
4837
4838
4808
4810
4885
4823
4878
4883
4891
4889
4880
4881
4861
4879
4874
4882
4882
4843
4789
4878
4867
4879
4888
4895
4886
4884
4865
4900
4898
4900
4907
4906
4899
4901
4913
3480
4904
4908
4910
4909
4923
4919
4918
4899
4912
4939
4924
4920
4914
4914
3477
4936
4939
4926
4934
4935
4921
4922
4932
4942
4916
4935
4929
4932
3521
4928
4933
4943
4929
4925
4931
4948
3511
4944
3508
3503
3651
4950
4951
4954
4963
4962
4955
4959
3676
4953
4960
4959
4963
4961
4965
4957
3698
4979
4969
4964
4980
4958
4977
4970
3698
4971
4975
4972
4983
4970
4974
4988
4970
4982
3713
4986
4967
4974
3713
4988
4983
4995
4989
4965
4990
4997
4996
3722
4968
4992
4996
4992
4993
4978
4995
