3512
2
0
14
0
5
7
7
8
0
10
11
12
0
31
14
15
16
0
18
20
23
24
20
0
24
27
28
36
29
41
30
27
32
34
24
38
45
37
38
39
39
0
42
43
32
42
35
0
0
3580
49
53
51
54
63
47
71
0
0
48
57
0
58
71
0
67
50
70
72
57
0
65
0
73
0
69
68
62
76
56
0
59
73
55
0
75
111
0
55
80
81
79
82
83
88
85
87
86
96
87
107
91
93
85
103
108
112
0
116
107
0
99
101
102
104
103
115
107
92
109
114
110
113
117
128
118
119
138
106
122
0
124
125
126
129
130
128
132
133
134
135
121
152
151
139
141
110
145
143
144
146
147
148
149
150
152
154
153
142
165
158
160
161
162
168
163
164
165
142
167
170
171
172
173
174
175
231
176
177
178
159
179
180
181
182
183
0
184
156
187
188
189
190
191
193
194
185
196
197
199
189
200
201
186
202
203
204
205
206
194
208
209
210
211
212
214
215
216
216
3715
218
219
220
221
222
223
224
225
226
227
228
229
213
232
230
233
234
235
236
237
238
239
240
241
242
243
244
245
246
247
248
249
250
252
253
254
255
231
256
235
258
259
260
261
262
263
198
264
265
266
267
268
269
270
294
271
272
273
274
276
277
278
279
280
251
281
282
283
284
286
287
288
290
303
291
292
293
295
297
298
299
300
285
301
302
304
305
306
307
325
308
309
311
312
313
311
315
316
317
318
319
322
320
321
303
323
324
326
327
310
314
328
329
330
331
332
366
333
348
334
296
335
336
322
337
338
339
0
360
340
341
342
343
344
345
346
347
349
377
351
352
353
350
354
355
356
357
385
358
363
364
365
367
352
381
370
387
372
361
362
375
376
0
378
379
380
382
383
0
370
386
388
389
390
391
392
393
394
395
396
403
397
398
385
400
373
374
376
414
404
405
406
407
408
411
412
413
415
416
417
418
419
420
399
422
401
409
401
426
427
428
439
429
430
431
432
433
434
434
436
399
430
438
439
0
441
442
0
443
444
445
477
455
447
437
479
448
449
450
451
452
453
454
457
458
462
460
461
463
464
465
466
467
454
468
469
470
471
472
473
474
445
476
477
477
0
456
0
481
482
459
483
484
466
0
485
486
493
488
489
490
528
524
491
494
495
496
497
498
499
501
502
500
503
504
0
0
506
507
569
509
538
510
511
512
514
515
516
517
518
519
520
521
522
523
523
526
527
0
529
530
532
532
0
534
535
537
538
539
539
506
542
543
544
514
545
546
547
548
549
550
551
552
553
554
555
536
559
556
557
558
581
0
560
561
0
562
563
564
0
592
565
566
567
567
569
597
591
0
546
570
571
572
573
574
0
575
576
577
604
578
579
580
0
582
583
0
584
585
583
587
588
589
593
588
595
596
590
600
601
602
603
605
0
606
0
637
595
610
588
590
610
611
612
613
0
599
614
615
616
617
617
599
620
599
622
623
624
625
626
627
669
628
629
630
631
695
583
610
640
673
639
641
594
643
644
645
594
646
664
0
621
650
651
652
631
653
654
632
0
657
677
673
590
656
0
678
678
0
660
615
615
663
664
665
648
666
667
668
670
672
607
0
674
0
676
679
702
681
682
687
683
684
0
686
690
687
688
689
716
691
692
693
726
763
696
699
697
704
660
666
680
706
707
703
709
742
710
712
715
717
0
710
709
724
694
725
729
763
728
732
697
766
731
734
0
736
737
713
713
774
743
740
775
774
708
690
808
744
687
746
747
748
671
749
750
694
752
0
0
745
755
756
784
757
758
759
760
761
761
699
730
762
764
765
766
767
768
763
773
712
721
743
843
811
779
818
780
816
781
782
761
785
785
786
0
787
788
789
845
790
0
792
793
794
795
832
796
801
833
798
803
804
778
0
867
0
811
812
815
876
0
820
852
824
825
826
827
798
860
822
799
831
772
834
836
838
837
839
840
0
1091
844
846
825
849
850
819
851
786
830
855
856
858
859
898
861
771
0
865
0
863
863
892
864
870
995
708
0
0
869
870
872
1000
873
874
0
908
0
878
879
880
848
920
882
883
974
885
887
888
821
889
979
800
891
898
892
893
894
895
896
860
897
875
907
0
996
869
918
904
905
906
907
909
910
878
912
914
913
915
927
999
919
920
921
922
923
885
913
927
928
930
931
932
933
934
935
936
937
938
939
926
942
943
944
945
946
922
948
935
935
951
952
953
955
956
957
948
935
951
884
0
966
967
1057
969
970
973
974
973
976
889
980
981
891
984
985
986
987
988
989
923
3970
992
993
997
915
999
1001
1002
1005
1217
1007
964
1008
1009
1010
1011
1012
1013
1014
1015
1016
1017
921
1020
1021
1022
1024
1135
1026
1027
1028
938
1030
926
1031
1032
1033
1034
1035
1036
0
1039
958
1040
1041
1042
1043
1042
1045
1046
1047
0
954
1050
1051
0
1018
1041
978
1042
1056
1058
1059
1059
1062
978
1042
886
1179
1065
1066
969
0
1069
978
1070
1072
1073
1074
0
1076
1077
1074
1080
1081
1083
1088
1086
1183
1120
1088
0
1090
0
1089
1095
0
1092
1089
1097
1005
1100
996
1214
1103
1097
1105
0
1107
1110
1109
0
1111
1112
0
0
1113
1115
1116
1117
1118
1119
0
1121
1122
0
908
1098
1108
1129
1106
1130
1131
1132
1134
0
1136
1137
1138
1139
1140
1141
1142
1143
1133
1145
1146
1147
1149
1045
1151
1247
1040
1152
1153
1036
0
1154
1156
1152
0
1158
1159
1160
1161
1040
1163
1164
1165
1166
1167
1168
1152
963
1170
977
1172
1173
1174
1249
1167
969
1059
1179
1180
1181
1183
1184
0
1185
1107
1187
1188
1209
1189
1172
1190
1191
1192
1193
1194
1082
1195
1266
0
1198
1199
1189
1201
1202
1203
0
0
1205
1206
1207
1005
0
1210
1211
1212
1124
1281
1102
1216
1217
1218
1219
1220
1221
1222
0
1140
1127
1225
1226
1227
1228
1229
1230
1231
1232
1233
1234
1237
1246
1238
1240
1302
1152
1241
1242
1243
1244
1245
1247
1175
1315
1251
1184
1253
1254
1255
1256
1199
1258
1198
1260
1261
1071
1194
1264
1265
1205
1269
1270
1271
0
1337
1274
1275
1276
1277
1123
1279
1123
1419
1283
1285
1218
1286
1287
1288
1289
1290
1291
1292
1293
1294
1295
1296
1297
1286
1299
1300
1301
1302
1237
1302
1163
1304
1159
1305
1307
1309
1310
1311
1312
1313
1249
1315
1316
0
1320
1317
1319
0
1321
1322
1323
1324
1325
1326
1198
1328
1191
0
1330
1194
1332
1272
1335
1336
1338
1339
1340
1340
1281
1398
1344
1215
1346
0
1292
1286
1349
1350
1351
1352
1354
1356
1357
1358
1359
1360
1362
1424
1363
1364
1365
1366
1306
1367
1299
1369
1370
1564
1372
1373
1374
1375
1376
1446
1377
1378
1379
1380
1382
1383
1384
1386
1387
0
1388
1389
1390
1391
1392
1332
1394
0
1395
1335
1397
1398
1401
1402
1404
0
1406
1408
1340
1410
1282
1411
1355
1414
1415
1416
1417
1340
1419
1420
1422
1426
1423
1421
0
1427
1429
1430
1476
1366
1433
1434
1435
1436
1306
1446
1439
1440
1310
1509
1442
1443
1444
1445
1507
1381
1450
1451
1521
1452
1518
1453
1454
1392
1456
1457
1335
1332
1461
1462
1465
1460
1529
1404
1454
1413
1521
1469
1483
1471
1544
1473
1474
1475
1476
1477
1479
1480
1482
1484
1485
1486
1352
1488
1428
1486
1490
1492
1404
0
1556
1493
1494
1495
1496
1560
1498
1499
1501
1502
1415
1430
1429
1565
1506
1507
0
1440
1510
1512
1373
1514
1515
1517
1519
1520
0
1518
1523
1524
1450
1403
1452
1527
1528
1529
1454
1470
1531
1532
1533
1544
1577
1537
1538
1405
1541
1542
1545
1546
1547
1486
1549
1550
0
1553
1554
1555
1557
1558
1559
1561
1563
1565
0
1566
1567
1568
0
1569
1562
1571
1572
1573
1574
1575
1520
1577
1537
0
1581
1580
1582
1583
0
1584
1585
1585
1585
1552
1682
0
1589
1590
1591
1592
1593
1594
1595
1559
1597
1598
1599
1600
1544
0
1602
1603
1619
1604
1605
1607
1671
1608
1609
1620
1610
1611
1612
1613
1614
1615
1616
1617
1618
1621
1622
1623
1624
1625
1626
1627
1566
1629
1630
1631
1632
1633
1635
1636
1637
1638
1535
1640
1641
1585
1577
1579
1644
1645
1646
1647
1648
1650
1658
1550
1490
1551
1654
1655
1656
1657
1612
1660
1661
1662
1663
1691
1664
1665
1666
1668
1632
1636
1636
1672
1673
1638
1671
0
1677
1640
1681
0
1648
1577
1684
1685
1686
1579
1687
1688
1689
1690
1692
1693
1694
0
1696
1681
1699
1700
1657
1677
1706
1707
1690
1709
1650
1711
1737
1713
1714
1715
1716
1717
1638
1719
1748
1720
1720
1722
1701
1726
0
0
1727
1728
1648
1733
1685
1736
1759
1688
0
1740
1740
1743
1746
1747
1716
1719
1749
1752
1720
1734
1752
1701
0
1755
1699
1756
1732
0
1758
0
1760
1736
1762
1764
1695
1765
1766
1766
1768
1769
1770
1771
1772
1773
1774
1775
1776
1777
1699
0
1757
1781
1782
1783
1784
1785
0
1786
1667
1787
1788
1789
1757
1790
1791
1803
1792
1793
1794
0
1796
1797
1798
1799
1802
1802
0
0
1804
1805
0
1807
1809
1810
1811
1812
1813
1814
1815
1808
1816
1817
1818
1819
1820
1821
1822
1823
1824
1825
1826
1827
1828
1829
1830
1831
1832
1833
1834
1835
1836
1837
1838
1839
1840
1841
1842
1843
1844
1845
1846
1847
1848
1849
1850
1851
1852
1853
1854
1855
1856
1857
1858
1859
1860
1861
1862
1863
1864
1865
1866
1867
1868
1869
1870
1871
1872
1873
1874
1875
1876
1877
1878
1879
1880
1881
1882
1883
1884
1885
1886
1887
1888
1889
1890
1891
1892
1893
1894
1895
1896
1897
1898
1899
1900
1901
1902
1903
1904
1905
1906
1907
1908
1909
1910
1912
1913
1914
1915
1916
1917
1918
1919
1920
1921
1922
1923
1924
1925
1926
1927
1928
1929
1930
1931
1932
1933
1934
1935
1936
1937
1938
1939
1940
1941
1942
1943
1944
1945
1946
1947
1948
1949
1950
1951
1952
1953
1954
1955
1956
1957
1958
1959
1960
1961
1962
1963
1964
1965
1966
1967
1968
1969
1970
1999
1971
1972
1973
1974
1975
1976
1977
1978
1978
1980
1960
1982
1983
1984
1985
1986
1987
1988
1989
1990
1991
1992
1993
1987
1987
1996
1997
1998
1999
2000
2001
2002
2003
2004
2005
2006
2005
2008
2009
2010
2011
0
2012
2013
2014
2015
2016
2017
2018
2019
2020
2021
2022
2023
2023
2025
2026
2027
2028
2029
2030
2031
2032
2033
2034
2035
2036
2037
2038
2039
2040
2040
2042
2043
2044
2045
2046
2047
2048
2049
2050
2051
2052
2053
2054
2055
2056
2057
2058
2059
2050
2061
2062
2063
2064
2065
2066
2067
2068
2069
2070
2071
2072
2073
2074
2075
2076
2077
2078
2079
2080
2081
2082
2066
2084
2085
2086
2087
2088
2075
2090
2091
2061
2092
2061
2094
2095
2096
2097
2098
2099
2100
2112
2101
2102
2103
2104
2105
2106
2107
2108
2109
2110
2111
2112
2113
2114
2115
2115
2117
2118
2119
2120
2122
2123
2124
2121
2126
2127
2128
2129
2130
2131
2117
2133
2134
2124
2136
2137
2138
2139
2140
2141
2142
2142
2144
2145
2146
2147
2148
2150
2151
2152
2153
2154
2155
2156
2157
2158
2159
2160
2161
2162
2163
2164
2165
2166
2167
2168
2170
2171
2172
2173
2174
2175
2176
2177
2178
2179
2180
2181
2182
2183
2184
2169
2186
2187
2188
2189
2190
2191
2192
2193
2194
2195
2196
2197
2198
2199
2200
2201
2202
2203
2204
2205
2206
2207
2208
2209
2210
2211
2212
2213
2214
2215
2216
2217
2218
2219
2220
2221
2222
2224
2225
4177
2226
2227
2228
2229
2230
2231
2232
2233
2235
2237
2238
2241
2240
2241
2242
2270
2243
2244
2245
0
0
2246
2223
2248
2275
2250
2249
2252
2253
2279
2257
2255
2256
2259
2260
2261
2262
2263
2264
2265
2267
2258
2257
2341
0
2243
0
2244
2272
2275
2261
2274
2253
2294
2277
2278
0
2280
2281
2282
2294
2284
2268
2287
2289
2288
2289
2292
2291
2293
0
2295
2298
2317
2297
0
0
2301
2338
2302
2357
2303
2357
2311
2341
2306
2285
2274
2310
0
2343
2307
2307
2314
2313
2315
2317
2320
2291
0
2322
2323
2323
2325
2325
2327
2357
2352
2328
0
2330
2299
2332
2334
0
2281
2337
2339
2340
2333
2341
2255
2376
2346
2347
2348
2349
2283
0
2350
0
2331
2353
2318
2355
2356
0
2360
2361
2335
0
0
0
2364
2367
0
2366
2368
2369
2367
2400
0
2371
2373
2374
2375
2379
2380
2419
2381
2382
2384
2387
0
2359
2388
2389
2363
2397
0
2390
2311
2392
2393
2368
2398
0
2401
0
2395
0
2399
2367
2405
0
2406
2419
2407
2452
2410
2411
2412
2454
2414
2416
2417
2454
2418
2378
2462
2421
2422
2423
2383
2424
0
2425
2426
0
2428
2359
2430
2431
2433
2434
2435
0
2437
2438
2439
2440
2441
2483
2442
2443
2444
2399
2445
2446
2403
2447
2449
2497
2450
2419
2452
2449
2453
2454
2497
2455
2499
2458
2459
2460
2418
2461
0
2463
2460
2465
2466
2467
2469
2470
2471
2472
2387
2474
2475
2476
2513
2477
2478
2479
2480
2427
2432
2440
2482
2483
2484
2441
2487
2403
2489
2491
2492
2493
2496
2498
2499
2500
0
2537
2503
2504
2505
2506
2507
2508
2509
2510
2508
2512
2513
2514
2515
2516
2467
2517
2518
2519
2520
2521
2522
0
2524
2519
2526
2527
2528
2529
2500
2494
2532
2533
0
2536
2537
2538
2539
2534
2541
2542
2543
2544
2501
2547
2584
2553
2554
2546
2556
2557
2650
4236
2559
4236
2560
2564
2561
2562
2564
2565
2566
0
2592
2567
2568
2569
2570
2572
2548
2571
2542
2574
2535
2575
2576
2548
2577
2578
2580
2581
2582
2583
2584
2585
0
2586
2565
2588
2562
2564
2590
2590
2594
2595
2591
2619
0
2598
2589
0
2600
2601
2602
2604
2605
2607
2608
2636
2606
2609
2610
2611
2612
2577
0
2547
2614
2616
2617
2615
2591
2651
2620
2621
2628
2624
2625
2570
0
2627
2570
2630
2631
2623
2632
2633
0
2602
2635
2663
2637
2574
2639
2640
2641
2642
2534
2644
2645
2646
2587
2648
2649
2721
2603
2654
2655
2656
2657
2658
2690
2659
2700
2684
2661
0
2667
2601
2665
2699
2666
2668
2641
2702
2671
2672
2673
2674
0
2675
2676
2677
2678
2679
2720
2721
2683
2685
2686
2656
2688
2689
2733
2691
0
2693
2694
2695
2697
2697
0
2702
2692
2701
2703
0
2628
2643
2705
2706
2709
2773
2749
2784
2710
2711
2712
2713
2714
2715
2755
2716
2717
2650
2719
0
2722
2723
2724
2656
2726
2727
2655
2729
2730
2731
2732
0
2734
2735
2736
2737
2739
0
2740
2643
2742
2743
2702
2744
2708
2746
2747
2748
2784
0
2751
2752
2753
2753
2757
2758
2759
2760
2761
2794
2723
2763
2764
0
2765
2766
2808
2767
2768
0
2770
2772
2708
2774
2775
2776
2745
2777
2778
2779
2780
2781
2817
2782
0
2786
2783
2787
2756
2788
2789
0
2791
2792
2760
2795
2796
2798
2799
2800
2764
2797
0
2802
2803
2804
2805
2807
2840
2849
2812
2813
2778
2816
2745
2750
2755
2819
2821
2715
2824
2823
2804
2804
2828
2862
2795
2829
2830
2752
2782
2832
2790
2833
2832
2834
2876
2835
2836
0
2838
2839
2840
2841
2842
2843
2844
2845
2846
2847
2812
2850
2852
2853
2814
2855
2856
0
2858
2859
2906
2860
2823
0
2864
2865
2866
2867
2868
2920
2878
2869
2871
2872
2873
2874
2924
2879
2877
2880
2881
2886
2806
2809
2885
2884
2806
2892
2853
2896
2895
2897
2898
2899
2904
0
2900
2901
2902
2903
2857
2825
2861
3067
2858
2860
2909
2821
2911
2865
2914
0
2915
2916
2917
2918
0
2965
2922
2923
2925
2896
2926
2927
2928
2932
2930
2883
2929
2890
2806
2934
0
2937
3043
2887
2884
2894
2941
2998
2945
2869
2895
2947
2825
2825
2952
2861
2861
2956
2906
2958
2959
2960
2968
3067
2864
2962
2963
2964
3019
2967
2969
3079
2870
2883
2971
2933
2977
2981
2973
2974
2978
0
2912
2809
2985
2980
3044
2983
2939
2986
2934
2988
2887
3046
2990
2996
2992
2943
2949
2997
2999
0
3000
3055
2996
2951
3002
3004
2954
2953
2944
3007
3061
3009
2954
2959
3011
3012
3013
3014
3015
2961
3016
3017
3020
3147
3071
3023
3024
0
3026
3021
3085
2970
3086
3006
3033
3043
3035
3036
0
2982
3037
3038
2976
2975
3040
3044
3108
3042
2984
3045
3047
3047
0
3048
3048
2992
3050
3055
3051
3070
3056
3061
3058
2994
0
0
2999
3011
3065
0
3064
3141
3068
3014
3144
3020
3072
3073
3074
3016
3077
0
3136
3080
3076
3089
3031
3150
3091
3166
3032
3169
0
0
3174
0
3096
3166
3098
3099
3042
3150
3041
2983
3104
3098
3106
3107
3171
3042
3112
3114
3115
3117
3119
2983
3060
3123
3124
3125
3127
0
3062
3129
3112
3130
3183
3121
3139
3061
3137
3018
3022
3142
3144
3146
0
3155
3148
3149
3151
3152
3153
3214
3079
3158
3083
3155
3028
3090
3162
3096
3032
0
3171
3052
3092
3093
3042
3046
0
3174
3171
4426
3117
3070
3088
3184
3196
3247
3186
3111
3237
3189
3136
3121
3194
3122
3196
3198
3199
3139
3131
3137
3192
0
3206
3150
3139
3261
3141
4469
3209
3151
3211
0
3213
3163
3299
3216
3144
3217
3278
3219
3220
3221
3222
3224
3228
3168
3230
3223
3232
0
3287
3235
3236
3237
3095
3241
3245
3242
3244
3289
3245
3246
3183
3184
3249
0
0
3189
3250
3254
3205
0
3257
3140
3208
0
3206
3257
3263
3264
3258
3218
3218
3216
3266
3267
0
3143
3228
3272
3273
3221
3275
3151
3277
3270
3168
3224
0
3161
3282
3233
0
3284
3285
3286
3289
3105
3291
3353
4592
3372
3235
3244
3351
3184
3304
3189
3300
3296
3297
3253
3358
3264
3306
3212
3266
3308
0
3310
3362
3261
3270
3259
3308
3313
3315
3280
3317
3319
3321
3322
3323
3322
3316
3328
3331
3332
3224
3337
3331
3341
3342
3342
0
3353
3176
3294
3235
3388
3353
3212
3371
3297
3354
3308
3301
3301
3373
0
3359
3301
0
3363
3361
0
3314
3379
3325
4574
0
3329
3368
3389
3290
3370
3343
3350
3372
3322
3375
3398
0
3329
0
3380
3329
0
3378
3338
0
3387
3390
3391
3350
3419
3371
3393
3398
0
3402
3403
3404
3403
3406
3407
3408
3409
3384
3410
3411
3411
3412
3413
3414
3415
3416
3390
3418
3418
3420
0
0
0
3424
3425
3426
3427
3428
3429
3431
3433
3434
3422
3435
3436
3437
3409
3409
3440
3441
3442
3443
3443
3446
3447
3416
3449
3427
3420
3451
3452
3431
3455
3456
3457
3458
3431
3460
3461
3462
3437
3466
3465
3466
3462
3468
3469
3456
3471
3461
3473
3474
3473
3476
3477
3485
3479
3480
3478
3468
3482
3483
3484
3485
3476
3478
3488
3489
3482
3491
3493
3492
3496
3501
3494
3499
3507
3503
3500
0
3503
3504
3506
3506
3502
3509
0
3515
3528
0
2
3513
3515
3517
0
3516
0
1
4948
0
3518
3523
0
3537
3525
3519
3508
0
3543
0
0
9
3553
3532
3525
3532
3533
3527
3529
0
0
0
0
3557
3555
3541
3541
3539
23
3551
3539
3548
3554
3567
3542
3557
0
3542
3563
3564
3561
3566
3552
3567
3583
3588
0
3571
3581
3572
3560
3575
3576
3558
3577
3578
3579
3582
3590
3584
3586
3589
3585
3587
3583
3573
3600
0
3591
3573
3594
3589
3595
3596
3597
3558
3593
3600
3599
0
3606
3608
3599
3610
3593
3604
3591
3614
0
0
3617
3602
3613
3618
3619
3621
0
3605
3633
57
3608
3625
3643
3626
3591
3627
0
0
3630
3614
3631
3634
3647
3616
3635
3654
3637
3640
3641
3638
3651
0
3639
3646
3645
3632
3649
3652
3644
3656
3647
3657
3658
3663
3660
3661
3672
0
3664
3649
3665
3666
3663
3681
3668
3669
3672
3673
3675
0
4954
0
3679
109
3680
3695
3668
3678
0
0
3682
3693
3696
3683
3687
3689
3690
3696
3691
0
3693
3683
3698
3707
3693
169
3688
0
3697
3704
3700
3705
0
3702
3699
0
3710
3711
3712
3719
3713
3700
3716
3719
3727
3707
3721
3720
3725
3736
3723
3738
3711
3734
3729
0
4989
3717
3732
3724
3740
3742
3741
3741
0
3745
3746
3747
3747
0
0
3763
3755
3778
0
3754
0
3750
0
3752
3773
3751
3771
3784
3759
0
3799
3777
3781
3792
3758
0
3774
3824
3783
3753
0
0
3787
3769
3781
0
3760
3808
3802
3791
0
3794
3770
0
3824
3811
3812
0
3778
3779
3802
3918
3789
3806
3804
3854
3809
3753
3755
3799
0
3811
3822
3825
3782
3818
3811
3800
3832
3833
0
3839
3832
0
3805
0
3816
3817
3849
3915
3849
3794
0
3903
3836
3838
3835
3788
3813
3813
3827
3807
3794
3846
3794
3827
3865
3849
3834
3852
0
3942
3869
3839
3855
3793
3793
3872
3788
3860
3859
3794
3817
3865
3849
3830
3882
3854
3800
0
3837
3863
3843
3793
3930
3890
3793
3873
3827
3897
3899
3901
3878
3879
3899
3881
0
3883
3870
3884
3885
3887
3889
3887
3917
3796
3893
3874
3827
0
3876
3899
3901
3877
3880
3885
3886
3911
3909
3887
3859
3863
3914
0
3859
3915
3916
3931
3919
3919
3932
0
3831
3954
0
4029
3926
3839
3884
4016
3946
3955
3897
3971
3921
3933
3951
3831
3935
3939
3839
3941
3909
3944
3913
3947
3948
4005
3949
3971
3931
3950
3951
3933
3796
4062
0
3973
3899
3956
3957
3938
3868
3961
3962
0
3924
3880
3797
3966
3942
4047
3992
3967
3958
971
3950
3976
3972
3973
3970
3974
3998
3882
4013
3998
3944
3963
3987
3984
4048
3987
3949
3950
0
4008
3953
3950
0
4010
3938
3944
4014
3979
4002
3992
3991
0
4027
3909
3988
0
1079
4040
3959
4044
4062
1075
0
4023
3937
4012
1148
0
4041
4004
4034
0
3991
4018
4024
4012
4055
3940
3925
4029
3985
4018
3959
4089
4050
3985
4069
4002
4039
4033
4018
4018
3943
4071
4036
4075
4055
4057
4042
4020
4031
4061
4044
4100
4022
4077
4056
3937
4030
4038
4048
0
0
4087
4075
4081
4070
4089
4070
4107
4092
4113
0
0
4083
4096
4090
4057
1361
4081
4106
4065
4130
4067
4067
4121
4078
0
4125
4104
0
4093
4094
4094
4131
4093
4095
4098
4098
4112
4110
4097
0
4103
4081
4142
4086
4128
4107
4138
4108
4087
4088
4133
4105
4114
4114
4118
4100
4110
4122
4091
0
1447
4137
0
4129
4119
1525
4117
4090
4133
4132
4134
4134
0
4120
4128
0
4143
4134
4120
4140
0
4146
4147
4148
4149
4153
4150
4151
0
2149
2149
4156
0
4154
0
4159
4157
4163
4159
4166
4157
4168
4165
4170
4171
0
4180
0
4175
0
4174
4176
4187
4183
4183
4176
2236
0
0
4191
4175
4205
4186
4191
4189
4215
0
4199
4190
4193
0
0
4212
0
0
4196
4202
0
4196
4216
4201
0
4222
4206
4210
0
4209
4200
4214
4220
4208
4210
4219
2305
0
0
0
0
4228
4217
4221
4230
4213
4213
0
4231
4235
2549
0
2550
4265
4248
4239
0
4243
4258
4245
0
4247
4249
4310
4258
4259
4239
4261
4245
4287
4266
4246
4255
0
4257
4272
0
4288
4285
4265
4292
4281
4292
0
2891
4244
4254
4350
4256
4350
4261
4259
4264
4252
0
4241
4290
4238
4279
4283
4348
4269
2875
0
2875
4273
4263
4252
4279
4267
4274
4293
4347
4274
0
4353
4284
4276
4403
4304
4282
0
4341
4278
0
4403
4279
4348
4306
4408
4356
4336
4313
4314
4286
4315
4322
4320
4320
4323
4345
3119
4327
4328
4332
0
4374
0
4291
4338
4282
4283
0
4323
4340
4319
4267
0
4363
4324
4284
4329
4352
0
0
4335
4357
4358
4371
4304
4325
4376
0
4279
4423
4459
4410
3053
4322
4348
4525
4410
4346
4334
4365
0
4373
0
4367
0
4372
4373
4360
0
4425
4289
4303
4528
4325
4347
4344
4380
4344
4334
4384
4346
0
0
4466
4291
0
4389
4587
4358
4396
4448
4453
4394
4399
4357
4406
4325
4400
4400
4402
4408
4380
4333
0
4436
4354
4330
0
4416
4358
0
0
0
4390
4394
4396
0
4405
0
4325
4407
0
0
4330
4405
4526
4343
0
0
4383
0
4405
4380
4345
4415
4385
4470
4337
0
4415
0
4359
0
4414
4393
4439
4371
4393
4487
4358
4445
4378
4488
4394
0
4303
4398
0
4449
4376
4543
4428
4452
4480
4493
4610
0
4537
4412
3179
4503
3167
4443
4418
4380
0
4563
4438
4471
4389
0
0
0
4545
0
0
4445
4631
4496
0
4489
4590
4453
4455
4484
4476
4484
4493
0
4502
4530
4415
4477
4474
4429
4443
0
4384
4563
4510
0
4482
4565
0
4446
4516
4517
4314
0
4420
4547
0
4529
4452
3238
4497
4474
0
4413
4531
4532
4464
4498
4555
0
4510
0
0
0
0
0
4529
4477
4661
4549
4559
4501
0
0
0
4462
4407
4502
0
0
4469
4517
4563
4583
4565
4514
0
4678
4567
4636
0
4397
0
4640
3391
4615
4573
3367
0
0
4413
4432
0
4472
4466
4533
4539
4622
4516
4677
4583
4564
4560
4541
4516
4546
4589
0
0
4657
4588
4606
4613
4572
4610
4613
4516
0
0
0
4615
4593
4597
4579
4579
4600
0
4515
4542
4557
0
4564
4653
4604
4589
4606
0
4655
4657
4659
4608
4492
4592
4722
0
4616
4618
4619
4559
4561
4681
4623
4676
4624
4625
0
4624
0
4589
4603
4632
0
4689
4635
0
4637
4691
0
0
0
0
4608
4454
0
0
4641
4554
4542
4642
4701
4596
4668
4603
4681
4679
0
0
4692
0
4588
0
3448
0
4550
4524
4611
4575
0
4584
0
4698
4642
4524
4593
0
0
4675
4731
4665
4706
4684
4650
4685
4686
4687
4688
4689
4639
4588
4588
4704
4657
4696
4760
4698
4608
4719
4735
4790
4701
4726
4701
4702
4729
4597
0
4648
4605
4711
4707
4709
4739
4745
4710
4712
4637
0
4639
4766
4695
0
0
4720
4698
4702
0
4771
0
0
4731
4676
4615
4732
0
4705
4896
4734
4735
4679
0
4802
4652
4805
4771
4712
4725
4830
0
4742
4746
4775
0
0
4656
4760
4752
4755
3367
4667
4724
4676
0
0
4739
0
4746
4776
4855
4770
0
4777
4778
4850
4720
4837
3416
4787
4806
0
0
0
4757
4652
4733
4792
4757
4792
4793
4730
4664
4763
4703
4735
4818
4769
4796
4797
4740
0
0
4773
4737
4804
4789
4737
4776
3448
4656
4752
4744
4807
4761
4809
0
0
0
4810
4694
4814
4869
4761
4755
4800
0
4793
4821
4784
0
4827
4826
4821
0
4839
4866
4871
4879
4878
0
4834
4825
4832
4807
0
3445
0
0
4807
4724
0
4869
4869
4837
4843
4735
4680
4870
4817
4872
0
0
4872
4800
4826
4850
4805
0
4874
4807
4851
4829
4830
0
0
4756
4862
4860
4882
4866
4879
4814
4895
4852
4874
4891
0
4721
4884
4886
0
4873
4887
4865
4865
4872
0
4874
4897
4873
4859
4880
4890
4899
4847
4907
0
4907
4905
0
4911
4906
4917
3501
0
0
3491
4908
4916
4930
0
4911
0
4921
4920
4927
4913
4913
3495
4933
4921
0
4925
3497
4926
0
4931
3520
4936
3497
4929
4931
0
4941
4945
4943
4929
4937
4938
0
3519
4939
3524
3518
3655
3675
3686
4950
4953
3694
4955
4963
3677
4954
4957
4963
4953
4964
0
0
3701
4970
4976
4952
4972
4958
4961
4962
3701
4980
4987
4983
4969
4962
4973
4982
4962
4981
4990
4978
4975
4973
4990
4982
4969
5000
4993
0
4995
4996
4986
3717
4960
3731
4986
3731
4999
4994
5000
