0
1
4
2
3
3510
14
14
0
9
11
3480
12
13
36
2
16
7
9
18
8
22
38
8
26
38
29
30
31
32
33
34
29
37
39
38
49
50
42
49
43
43
45
58
46
37
58
23
0
0
0
63
59
55
60
61
52
57
0
73
53
47
64
0
57
67
76
54
78
81
47
72
87
73
74
75
83
77
69
86
80
0
56
74
88
0
85
131
0
88
0
92
89
91
94
99
96
98
97
110
98
103
104
105
96
108
127
124
0
111
103
138
115
116
0
125
108
133
103
106
128
129
130
132
121
146
136
126
0
0
140
0
142
143
144
147
148
146
149
150
151
152
139
167
166
155
156
130
157
158
159
161
162
163
164
165
167
168
154
170
171
172
173
174
175
176
177
184
171
170
180
182
183
185
186
187
188
269
189
190
191
192
193
194
195
196
197
198
199
169
201
202
203
204
205
207
208
200
210
211
213
203
214
215
3688
216
217
218
219
220
208
222
223
224
225
226
227
228
229
229
230
231
0
233
234
235
236
237
238
239
240
241
243
244
242
245
247
248
249
250
251
252
246
253
254
255
256
257
258
259
260
261
262
264
263
267
268
266
269
270
249
272
273
274
275
277
278
212
279
280
281
232
282
283
284
285
286
265
287
288
290
291
292
293
289
295
296
297
298
299
301
302
0
305
306
307
308
334
309
311
312
314
315
300
316
276
318
319
320
321
337
322
323
324
294
325
324
327
328
329
330
331
366
0
332
306
335
336
338
339
340
341
342
343
344
345
346
379
304
317
347
333
349
350
366
351
352
353
374
354
356
357
358
359
360
361
362
363
380
365
367
368
369
0
397
371
372
373
396
375
376
377
378
0
368
381
382
399
384
385
386
387
388
409
389
390
391
392
393
394
382
398
400
401
402
403
404
405
407
408
410
406
411
412
396
414
415
416
388
418
419
420
421
422
423
426
427
428
429
430
431
432
433
434
435
437
425
424
425
440
441
442
454
444
445
446
447
448
449
449
451
435
445
453
454
473
455
456
457
458
459
460
493
471
462
452
463
464
465
466
467
468
469
470
472
501
474
476
477
478
479
480
481
482
470
484
485
486
487
488
489
490
460
492
493
493
495
496
497
498
500
0
502
503
481
505
0
506
514
507
508
509
510
511
512
513
515
516
517
518
519
520
521
522
523
524
525
526
527
528
589
530
559
531
532
533
534
535
499
537
538
539
540
541
542
543
543
545
547
548
549
550
552
552
553
0
555
557
559
560
560
527
611
564
565
534
592
566
567
568
569
570
571
572
573
574
546
556
577
575
630
576
578
579
580
581
582
583
584
585
586
615
536
587
588
588
589
0
614
591
566
621
593
594
595
596
597
598
599
600
625
601
602
603
604
605
606
607
608
609
606
0
634
612
637
634
617
618
613
622
623
624
0
627
626
628
0
631
617
633
634
613
633
640
641
642
643
620
644
645
646
648
648
620
650
620
651
652
653
654
655
656
657
658
659
660
661
726
606
633
635
636
668
0
670
672
673
675
670
647
694
679
0
680
722
681
661
682
683
727
701
0
663
636
613
0
686
687
687
0
691
645
645
693
694
716
747
764
696
697
698
699
662
666
685
0
704
0
707
708
709
738
712
713
714
710
690
738
718
746
743
745
723
724
752
763
728
732
760
734
691
764
711
736
0
801
750
0
739
740
0
744
807
739
750
719
781
751
729
763
757
733
760
793
755
0
0
765
766
768
768
806
742
770
805
806
804
690
772
0
738
775
776
777
778
779
780
781
782
812
784
785
786
0
787
788
789
790
791
815
815
732
758
792
823
0
793
794
796
763
799
740
717
742
0
840
809
810
838
813
846
814
815
817
817
819
844
820
821
822
875
824
825
826
827
828
829
830
831
834
862
855
920
0
808
839
900
0
840
841
811
872
844
847
881
850
845
853
854
855
890
857
858
859
802
864
866
837
868
870
0
911
1103
873
0
845
877
878
879
880
819
887
885
886
888
889
891
892
863
895
0
0
896
896
925
897
898
0
804
0
0
902
898
905
906
907
908
0
938
912
941
913
903
876
836
915
916
917
918
919
0
923
921
883
833
0
891
925
893
926
927
928
890
929
909
1023
931
0
902
948
935
936
937
1023
939
940
941
942
0
943
944
956
1020
949
836
951
952
953
918
943
956
957
959
960
0
961
0
963
965
964
1052
966
967
968
969
971
972
973
952
0
963
963
974
975
976
977
978
979
0
963
974
1045
0
986
987
988
990
991
993
917
993
997
921
1000
1001
0
1005
924
1007
1008
1009
1010
953
3945
1013
1014
1018
944
1020
1021
1022
1108
1028
1029
1030
1031
1032
1033
1034
1035
1036
1037
1038
1039
1040
951
1011
1044
0
1046
1047
1048
1050
1051
1052
1053
967
0
1056
1057
1058
3968
1059
0
1061
1062
1063
0
1064
1065
1064
1068
1067
0
0
1069
0
1071
1049
1041
0
999
1064
1081
989
1082
1082
1078
999
1064
995
1187
1080
1002
990
1084
1086
999
3932
1074
1088
3958
3995
1089
1090
3958
0
1093
1094
1095
0
1099
0
1095
0
1102
1104
0
1101
1015
0
0
1107
1108
0
0
1109
1110
1107
1112
0
1114
1119
1117
1212
1118
1121
1122
1123
0
1127
1128
1129
1130
1131
1199
1132
1133
1134
938
1113
1115
1140
1141
1142
1155
1144
1145
1124
1147
0
1148
1149
1151
1152
1153
1154
1143
1146
1158
1159
1161
1068
1054
1255
1063
1163
1164
1059
1138
1166
1168
1163
1170
1171
1250
1172
1173
1063
1174
1175
1176
1177
981
1178
1163
984
1180
998
1006
1182
1183
1257
981
990
1082
1187
1194
1077
1099
1261
1097
1191
1114
1192
1193
1219
1207
1006
1197
1198
1100
1200
1271
0
1201
1203
1274
1211
1206
1207
1208
1209
1210
1212
1213
1214
1215
1216
1108
0
1220
1221
1222
1025
1224
901
1226
1028
1233
1228
1229
1230
1231
1232
1151
1234
1235
1236
1055
1237
1306
1238
1239
1240
1241
1242
1315
1245
1246
0
1320
1163
1249
1251
1252
1253
1254
1255
1258
1259
1260
1261
1262
1196
1264
1265
1206
1267
1211
1269
1270
1186
1271
1272
1273
1214
1278
1279
1280
1281
1282
1283
1284
1285
1286
1223
1287
1223
1493
0
1292
1233
1295
1296
1297
1298
1299
1300
1301
1302
1303
1304
1305
1308
1295
1310
1311
1312
1320
1315
1320
1174
1318
1250
1319
1321
1323
1324
1325
1326
1327
1257
1259
1322
1330
1331
1332
1334
1335
1336
1337
1342
1338
1339
1340
1211
1341
1198
1274
1344
1271
1346
1277
1406
1350
1351
1352
1416
1416
1224
1469
1355
1290
1357
1293
1301
1295
1362
1363
1364
1365
1367
1428
1369
1370
1371
1372
1373
1374
1375
1376
1377
1378
1379
1248
1310
1381
1382
1317
1383
1450
1384
1385
1386
1387
1388
1389
1390
1391
0
1393
1394
1396
1397
1333
1398
1399
1400
1401
1402
1346
1403
1404
1405
1406
1407
1469
0
1411
1503
1552
1477
1415
1416
1485
1288
1418
1419
1420
1421
1422
1423
1416
1493
1425
1427
1432
1429
1426
1433
1434
1436
1511
1484
1378
1438
1439
1440
1441
1379
1387
1444
1445
1324
1447
1448
1629
1451
1452
1516
0
1538
1460
1476
1539
0
1461
1475
1402
0
1465
1406
1346
1467
1550
1470
1409
1471
1503
1475
1474
1476
0
1466
1480
1553
1481
1482
1483
1484
1534
1486
1487
1488
1489
1490
1564
1365
1491
1435
1564
1675
1496
1503
0
0
1499
1500
1501
1502
1504
1505
1506
0
1508
1421
1511
1436
1576
1515
1516
1513
1445
1519
0
1450
1524
1526
1528
1530
1531
1532
0
1525
1535
1538
1459
1539
1540
1542
1471
1475
1478
1546
1547
1548
1553
1589
1590
1551
0
1556
1557
1561
1562
1598
1564
1563
1674
0
1566
1567
1568
1569
1571
1572
1573
1574
1576
1577
1578
1579
1580
0
1583
0
1582
1584
1585
1586
1587
1531
1589
1590
1591
1592
1664
1593
1594
1554
1601
1597
1597
1597
1565
1672
1560
1602
1603
1604
1599
1606
1607
1610
1572
1612
1613
1614
1615
1553
1560
1617
1618
1619
1620
1621
1570
1624
1625
1626
0
1627
1628
1682
1630
1616
1633
1634
1635
1636
1640
1641
1642
1645
1646
1647
1648
1578
1651
1652
1653
1654
0
1657
1658
1659
1730
1660
1661
1662
1597
1589
1663
1666
1667
1668
1669
1670
1707
1673
1674
1675
1609
1676
1678
1679
1701
1682
1683
1684
1685
0
1687
1688
1689
1690
1692
1654
1658
1658
1696
1697
1730
1624
1698
1719
1661
1702
1704
1670
1589
1705
1706
0
1663
1709
1710
0
1711
1713
1714
1715
1769
1716
1702
1739
1665
1701
1719
1723
1724
1711
0
1707
0
0
1725
1726
1727
1728
1729
1730
1753
1731
1734
1734
1733
1759
1735
1722
0
1736
1737
1670
1741
1706
1742
1744
1710
1747
1746
1746
1749
1751
1752
1728
1753
1754
1755
1734
1757
1755
1759
1718
1760
1739
1761
1762
1740
1764
1765
1766
1742
1789
1768
1748
1770
1771
1771
1772
1773
1774
1775
1776
1777
1778
1779
1780
1781
1739
1782
1784
1786
1787
1788
1798
1790
0
1792
1691
1793
1794
1795
1784
1796
1797
1785
1799
1800
1807
0
1801
1802
1804
1803
1805
1805
1783
1806
1808
1809
1810
1811
1813
1814
1815
1816
1817
1818
1819
1812
1820
1821
1822
1823
1824
1825
1826
1827
1828
1829
1830
1831
1832
1833
1834
1835
1836
1837
1838
1839
1840
1841
1842
1843
1844
1845
1846
1847
1848
1849
1850
1851
1852
1853
1854
1855
1856
1857
1858
1859
1860
1861
1862
1863
1864
1865
1866
1867
1868
1869
1870
1871
1872
1873
1874
1875
1876
1877
1878
1879
1880
1881
1882
1883
1884
1885
1886
1887
1888
1889
1890
1891
1892
1893
1894
1895
1896
1897
1898
1899
1900
1901
1902
1903
1904
1905
1906
1907
1908
1909
1910
1911
1912
1913
1914
1916
1917
1918
1919
1920
1921
1922
1923
1924
1925
1926
1927
1928
1929
1930
1931
1932
1933
1934
1935
1936
1937
1982
1938
1939
1940
1941
1942
1943
1944
1945
1946
1947
1948
1949
1950
1951
1952
1953
1954
1955
1956
1957
1958
1959
1960
1961
1962
1963
1964
1965
1966
1967
1968
1969
1970
1971
1972
1980
2001
1973
1974
1975
1976
1977
1978
1979
1981
1981
1983
1963
1985
1986
1987
1988
1989
1990
0
1991
1992
1993
1994
1995
1990
1990
1998
1999
2000
2001
2002
2003
2004
2005
2006
2007
2008
2007
2010
2011
2012
2013
0
2014
2015
2016
2018
2019
2020
2021
2022
2023
2024
2025
2026
2026
2017
2028
2029
2030
2031
2032
2033
2034
2035
2036
2037
2038
2039
2040
2041
2042
2042
2043
2044
2045
2046
2047
2048
2049
2050
2051
2052
2053
2054
2055
2056
2057
2058
2059
2060
2051
2062
0
2064
2065
2066
2067
2068
2069
2070
2071
2072
2073
2074
2075
2088
2076
2077
2063
2078
2079
2080
2081
2067
2083
2084
2085
2086
2087
2088
2089
0
2062
2092
2062
2093
2094
2095
2096
2097
2098
2099
2110
2091
2100
2101
2102
2103
2104
2105
2106
2107
2108
2109
2110
2111
2112
2113
2113
2114
2115
2116
2118
2120
2121
2122
2119
0
2125
2126
2127
2128
2129
2114
2131
2132
2122
2134
2135
2136
2137
2138
2139
2140
2140
2141
2143
2144
2145
2146
2148
2142
2149
2150
2151
2152
2153
2154
2155
2156
2157
2158
2159
2160
2161
2162
2163
2164
2165
2167
2168
2169
2170
2171
2172
4153
2174
2175
2176
2177
2178
2179
2180
2181
2166
2182
2183
2184
2185
2186
2187
2188
2189
2190
2191
2192
2193
2194
2195
2196
2197
2198
2199
2200
2201
2202
2203
2204
2205
2206
2207
0
2208
2209
2210
2211
2212
2213
2214
2215
2216
2217
2219
4160
2220
0
2221
2222
0
2223
2224
2225
2226
2228
2272
2229
2231
2230
2231
2232
2233
2253
2234
2235
2236
2240
2237
2218
2239
2271
2244
2241
2256
2275
2263
2249
2268
2248
2251
2252
2315
2254
2255
2258
2259
2260
2250
2249
2348
2265
2253
2265
2234
2270
2271
2315
2273
2275
2277
2278
2279
2280
2281
2282
2283
2277
2287
2264
2290
2292
2291
2292
2242
2296
0
2297
2299
2300
2298
2304
2334
2306
2286
2308
2309
2344
2343
2344
2349
2348
2295
2385
2273
2317
0
2293
2320
2320
2321
2391
2319
2298
2324
2296
2325
2285
2326
2326
2327
2327
2330
2344
2364
2303
2377
2332
2333
2335
2337
2338
2282
2339
2341
2342
2347
2348
2268
2357
0
2355
2394
2356
0
0
2360
2396
2365
2366
2336
2368
2369
2371
2372
2373
2382
2377
0
2338
0
2424
2310
2346
2413
0
2424
2420
2386
2387
2519
2389
2318
2393
0
2479
2361
2395
0
2402
2401
2457
2451
2405
2406
2407
2408
2409
2349
0
2412
2413
2417
2419
2425
2426
2416
2390
2379
2424
2433
2426
2428
2479
2472
2475
2432
0
2434
0
0
2437
2438
0
2440
2392
2484
2445
2446
2447
2397
2448
2449
2450
2452
2375
2454
2457
2455
2456
2458
2459
2460
2377
2462
2463
2411
2508
2418
2464
2465
2510
2422
2379
2468
2469
2427
2470
2473
2480
2474
2479
2475
2473
2477
0
2480
0
2517
2439
2481
2482
2440
2483
2436
2478
2482
2486
2488
2489
2491
2492
2493
2494
2402
2496
2497
2498
2534
2499
2500
2501
2503
2453
2504
2508
2505
2464
2507
2418
0
2427
2511
2514
2515
0
2518
2520
2517
2522
2553
2592
2525
2526
0
2527
2528
2532
2529
2530
2532
2536
2534
2568
0
2537
2489
2539
2540
2541
2542
2543
0
0
2545
2541
2547
2548
2512
2513
2522
2516
2551
2521
0
2552
2592
2554
2533
2556
2557
2594
2559
2561
2523
2565
2572
2569
2570
0
2573
2574
2709
2577
2576
2577
2579
2582
2580
2581
2582
2614
2583
2584
0
2587
2590
2591
2653
2593
2531
2595
2594
2597
2598
2599
2600
2531
2608
2602
2604
2605
2606
2607
2572
2610
0
2611
2614
2613
2581
2582
2615
2615
2619
2620
2621
2622
0
2623
2625
0
2626
2627
2628
2629
2630
2588
2634
2665
2631
2637
0
2639
2640
2608
2564
2565
2643
2645
2646
2644
2621
2680
2648
2649
2656
2652
2698
2653
2654
2655
2653
2658
2659
0
2660
2661
0
2628
2663
0
2666
2597
2668
2670
0
2671
2556
2673
2674
2675
2612
2678
2679
2711
2710
2712
2755
2684
2686
2687
2688
2689
2664
2714
2692
2662
2693
2627
2695
2635
2696
2804
0
2723
2699
2741
2701
2641
0
2702
2703
2704
2705
2706
2708
2711
2713
2715
2753
2684
2716
2717
2758
2762
2707
2719
2720
2760
0
0
0
2723
0
2728
2727
2724
2656
2725
2729
2730
2734
2733
2636
2772
0
2737
2738
2739
2742
2743
2744
2746
2747
2709
2787
2749
2750
2784
2752
2684
2748
2791
2755
2830
2756
0
2757
0
2761
2721
2763
2764
2759
0
2833
2725
2767
2768
2723
2769
2765
2770
2697
2735
2772
0
2740
2774
0
0
2779
2780
2781
2817
2782
2783
2784
2785
2786
2749
2788
2789
2790
2792
2793
2875
2795
2796
2765
2799
2800
2801
2802
2803
2838
2805
2806
2807
2841
2809
2771
2812
2810
2813
2778
2814
2808
2815
4256
2816
2817
2751
0
2820
2822
2824
2786
2866
2861
2825
2826
2827
2828
2829
0
2874
2832
2836
2838
2839
2802
0
2744
2844
2846
2743
2819
2886
2827
2827
2849
0
2751
2865
2851
2774
2809
2775
2823
2853
2775
2863
2857
2858
2859
0
2862
2864
0
2867
2868
2869
3002
2870
2871
2872
2832
2876
2877
2878
2837
2880
2881
2811
2923
2894
2922
2888
2886
2887
2925
2928
2966
2889
2890
2930
2898
2891
2893
2821
2852
3087
2941
2900
2896
2901
2902
2906
2873
2831
2905
2951
2873
0
2878
2912
2835
2913
2914
2915
2919
2916
2917
0
2879
2918
2882
2920
2921
2927
2923
2888
2926
2846
4251
2928
2929
2897
2931
2932
2933
0
2907
2962
2938
2940
2942
2912
2944
2945
2946
2895
2947
2899
2949
2950
2873
3000
2996
2954
3055
2958
2951
2911
2957
0
2961
2891
2835
2964
2920
2920
2965
2921
2921
0
2922
2885
3028
2971
2979
2927
2925
2974
2975
2976
3037
2978
0
3164
0
2899
2983
3093
3052
3041
2985
2986
2989
2990
2943
2831
2991
0
2994
2995
2997
2999
3000
3063
2958
3067
0
3010
0
2909
3011
3013
3016
3081
3017
0
3010
0
3021
3023
2970
3029
3022
3026
2967
3027
2970
3028
3030
3031
3032
0
3034
3035
3036
3088
0
0
3045
3040
3085
3103
3042
0
3105
2982
3044
2980
2998
3055
3056
3046
3118
3047
3059
3050
2987
2988
3058
2994
2992
3060
0
3005
3009
3009
3069
3070
3070
0
3072
0
3076
3078
3006
2967
3082
3025
2963
0
3016
3030
3083
3084
0
3146
3091
0
3150
0
3212
3095
3096
3036
0
3099
3089
3100
0
3094
3051
3158
3107
3225
3053
3172
3099
0
3110
3111
0
3225
3121
0
3060
3158
3065
2995
3068
3121
3129
3122
3115
3060
3061
3127
3128
0
3125
2995
3133
3134
0
3135
0
0
2977
3192
3061
3138
3079
3113
3092
2967
3205
3144
0
3148
3150
3098
3153
3154
3156
3157
3224
3160
3161
3163
3164
3165
3169
3154
3048
3171
3230
0
3053
3057
3115
3117
0
3279
3060
3067
3182
3110
3115
3186
0
3078
3066
3196
3198
0
3140
3124
3143
3191
3089
3113
3185
3075
3198
3199
3189
3092
3141
3205
3194
0
3203
3158
3092
3204
3146
0
3207
3224
3208
3209
3210
0
0
3261
3150
3214
3258
0
0
3221
3222
3271
3226
3176
3227
3231
3233
3272
3177
3237
3238
3143
3240
3242
3289
0
3188
3280
3289
0
3079
3196
0
0
3152
3191
3248
3139
3202
3251
3256
3149
3253
3251
3203
3256
3257
3291
3299
3216
3216
3261
3211
0
0
3264
3226
3266
0
3221
3220
3224
3269
3259
3176
3271
3272
3170
3274
3234
0
3276
3277
3278
3280
3235
0
3293
3282
3331
3237
3188
3283
3196
3286
3191
3287
0
3290
0
3339
3291
3284
3292
3211
3294
3159
3296
0
3204
3259
3254
3294
3301
3304
3319
0
3307
3308
3310
3309
3310
3306
3313
3316
3317
3271
3322
3316
0
3281
3281
0
3293
3325
3334
3237
3352
3293
3292
3335
3290
3336
3294
3288
3288
3337
3338
0
3288
0
0
3344
0
0
3345
0
3321
0
3358
3314
0
3351
0
3353
3368
3331
3310
3373
0
0
3358
3348
3360
3358
3361
3407
3323
0
0
3392
4559
3368
3369
3335
3342
0
0
0
3377
3406
3377
3375
3381
3382
3383
3364
3384
3385
3385
3386
3387
3388
3391
4772
3392
3394
3394
3393
0
3396
3427
3400
3401
3402
3403
3404
3405
3398
0
3408
3374
3409
3410
3411
3383
3383
3414
3415
3416
3417
3417
3419
0
4772
3422
3403
3393
3397
0
3398
3429
3430
3431
3378
3398
3432
3445
3440
3411
3437
3438
3437
3440
3442
3423
3430
3444
3445
3446
0
3446
3447
3448
3449
3450
3420
3452
3442
3454
3458
3455
3449
3447
3452
0
3459
3454
0
3462
3466
3463
3461
0
3470
3468
3467
3464
0
3467
3472
3474
3474
3475
0
4942
3482
3496
4942
1
0
3482
0
3485
3486
3503
3481
3489
0
3490
0
0
3493
3507
3495
3476
3504
0
3487
3487
10
3506
3508
3507
3508
0
3494
3498
3526
3535
3535
0
3515
3516
3501
3501
3521
22
0
3521
0
3541
3523
3531
3515
3524
3531
3517
3529
3539
3528
3532
3523
3545
3537
3530
3543
3556
0
3533
3549
3552
3553
3554
3512
3536
3562
0
3548
3565
3558
3563
3566
3545
3544
3585
0
3572
3544
3547
3558
0
3571
3564
3553
3580
3585
3568
3583
3569
3575
3568
3570
3580
3587
3572
3589
0
3574
3581
3577
3594
3584
3595
3597
3583
3582
3600
47
3575
3602
3615
3604
3572
3606
3608
0
70
3589
3603
3622
3613
3609
3616
3623
3598
3621
3611
3620
3612
3638
3624
117
3626
3619
0
3628
3627
3630
3613
3632
3633
3634
0
3635
0
3636
3637
0
0
3641
3634
3646
3645
3648
0
3651
4947
0
0
3658
3659
128
3654
3679
3645
3662
0
0
3657
3681
3666
3667
3669
3663
3671
3666
3673
3668
3681
3667
3680
3690
3681
181
0
0
3677
0
0
3684
0
3687
3689
0
3692
3693
3695
3701
3696
0
3698
3701
3703
3690
3694
3702
3705
3715
0
3717
3693
3706
3708
0
3700
3699
3710
3714
3718
3720
3719
3719
3716
3725
0
3727
3727
3748
3745
3732
3738
3778
3735
0
3737
3744
3737
3741
0
3740
3767
0
3730
3734
3777
3769
3752
3736
3729
0
3756
3800
3733
3761
0
3776
3793
3731
3752
3754
3759
3755
3772
3798
3773
3790
3739
0
3800
3795
3814
0
3778
0
3772
3819
3764
3788
3742
3770
3766
3761
3738
3777
0
3795
0
3808
0
3804
3795
3747
3794
3825
3797
3807
3794
0
3809
3773
3801
3792
3799
3893
3799
3790
0
3803
3780
3806
3805
3787
3817
3817
3823
0
3790
3822
3790
3823
3841
3799
0
3828
3815
3914
0
3807
3782
3821
3821
3853
3787
3849
3820
3790
3792
3841
3799
3826
3845
3770
3747
0
3834
3888
3818
3821
3890
3856
3821
3839
3823
3844
3859
3861
3862
3863
3859
3864
0
3865
3852
3866
3867
3855
3857
3855
3891
3775
3875
3858
3823
3896
3898
3859
3861
3860
3847
3867
3848
3885
3887
3855
3820
3888
3889
0
3820
3893
3967
3904
3894
3894
3895
0
3830
3930
3928
4000
3901
3807
3866
3991
3886
3905
3844
3925
3874
3985
3927
3830
3908
0
3807
3912
3887
0
3917
3944
3919
4003
3873
3925
3904
3926
3927
3985
3775
0
3928
3953
3859
0
3976
3987
3911
3935
3910
3988
3909
3847
0
3940
3914
4042
3921
0
3931
992
3926
3929
4010
3953
3945
0
3956
3845
3978
3956
0
3962
3965
3915
4047
3965
3873
3926
3973
3975
4006
3926
3986
3963
3987
0
3979
3957
3982
3921
3994
0
3989
3887
0
4001
1091
0
4008
4039
0
4026
3988
3880
3990
0
1160
4001
4014
0
4004
0
3994
4009
3997
0
4018
3934
3900
4000
0
4009
4008
4057
3969
0
4020
3982
4023
4024
4009
4009
3933
4055
3954
4087
4018
4031
4022
4027
0
4050
4039
4096
3977
4076
0
3990
3983
4045
4047
4048
4049
4063
4087
4066
3998
4057
3998
4061
0
0
4046
0
4043
0
4086
4031
4059
4066
4053
4067
0
4044
4044
4070
4064
4049
4060
4079
4051
4081
4083
4083
1410
4081
4085
4069
4069
4088
4084
4072
4073
4094
4066
4095
4017
0
4061
0
0
4063
4068
0
3999
4101
4101
4097
4096
4084
4102
4062
1395
4108
0
4103
4092
4032
1541
4082
4086
0
1522
4110
4110
4112
4093
0
4107
4118
4110
4093
4100
4116
4119
4121
4124
4120
4125
4123
2147
4128
4126
4126
4130
4131
4127
4137
4140
4129
4143
4140
4141
4129
4142
0
4145
4146
4149
0
4177
4151
4137
4156
4159
4168
4161
4161
4159
4163
0
0
4174
4151
4172
4179
4174
0
4194
4164
4190
4180
4181
4178
0
0
4170
0
4186
4189
4197
4186
4182
4201
0
4192
0
4199
4185
4203
4188
4204
0
0
4199
2376
2312
0
4205
0
4202
4218
4217
4213
4215
0
0
0
0
4219
4220
4221
4222
4238
4231
4249
4253
4226
0
4234
0
4261
4230
0
0
4237
4249
4246
4234
0
4224
4241
4228
0
4264
4243
4233
0
4250
4238
0
0
0
4284
4255
4229
4242
4278
4276
4278
4246
4237
4269
4266
4223
4244
0
0
4271
4260
4292
2959
4275
0
4275
4263
4277
4266
4271
4307
4259
4282
4345
4259
4333
0
0
4298
0
4267
4247
4280
0
4239
4273
0
4271
4292
4315
4343
4323
4295
4300
4268
4279
4301
4308
4304
4304
4342
4312
3125
4293
4320
4451
0
4288
0
4286
4322
4247
4260
4431
4342
4306
4303
4307
4310
0
4346
0
4485
0
0
4335
4334
4357
4353
0
4267
4383
4388
4390
4271
4341
4344
0
2953
4308
4292
0
0
4316
4348
0
4362
4318
4401
3145
4362
4471
4318
4371
4374
4370
0
4309
4359
4383
4345
4291
4393
4291
4348
4468
4316
4362
4364
4430
4286
4338
4409
0
4353
4407
0
4375
4372
4373
4357
4385
4383
0
0
0
4343
4393
0
4397
4432
4403
4331
4366
4354
4353
0
0
4355
0
4372
4407
4378
4384
4412
4383
4422
4535
4381
4331
4384
4421
4419
4389
4428
0
4424
4384
4393
4312
4465
4398
0
4472
4408
4465
4406
4339
4499
4508
4376
0
0
4376
0
4353
0
0
4447
4372
0
4309
4446
4450
4324
4388
4568
0
4480
4317
4482
4539
4458
4461
0
0
4493
3173
4441
4467
4393
0
4469
0
4443
4409
4576
4488
4505
4511
4475
4535
0
4531
4481
4554
4476
4477
4375
4418
4478
4542
4478
4482
4397
4489
4543
4465
4496
4483
0
4441
4505
4468
4469
4525
4437
4452
4624
0
4367
0
4552
4268
0
4515
4473
0
4514
4480
4518
4541
4483
4486
4396
0
4524
4429
4599
4566
4546
4525
4549
4402
0
4402
4553
4514
4496
4666
4513
4601
4463
4449
4544
4544
4561
4422
4489
4501
4500
0
4552
4469
3303
4624
0
4554
4775
4522
4607
4532
4510
4519
4639
4559
4595
4540
3362
4562
4560
4396
4490
0
0
4430
4573
4526
0
0
0
3303
4579
4580
0
0
4582
4612
4556
0
4615
4586
4609
4591
4538
4539
4591
0
0
0
4594
4595
4596
4563
4650
4650
0
4604
4627
4643
4621
4512
4579
4659
4608
4612
4609
4610
4589
4615
0
4423
4614
3282
4640
4594
0
4670
0
4601
4622
4572
0
4699
4628
4626
4648
4628
4629
4612
4630
4632
4634
4635
4584
4575
4680
0
4610
4585
4593
4715
4423
0
4638
0
4693
4671
4643
0
4620
4569
4672
4630
4572
4700
4698
4623
4665
4654
4586
4638
3421
4662
4537
4588
0
4564
0
4631
0
4669
0
4588
4596
4592
4646
4677
4678
4668
4682
0
4652
0
4684
4686
4687
4635
4689
4586
4586
0
4615
4633
4674
4669
4423
0
4796
0
4620
0
4620
0
4822
4563
4676
4597
4703
4708
0
0
0
4707
4744
4710
4680
0
4689
4762
4719
4746
4766
4720
4669
0
4648
4657
4749
0
4678
4699
4595
4750
4698
4790
4827
4733
4796
4700
4735
4739
4779
4801
4657
4710
4740
4836
0
0
4764
0
4761
0
4613
4674
4724
4820
3362
0
4777
4699
4648
0
0
4808
4764
4805
4803
0
4787
4722
3380
4776
4720
0
4772
4807
0
4752
4726
0
4784
4779
4781
4783
4784
4783
4785
4731
0
4753
4730
4796
4747
4795
0
4758
4760
4761
4798
4799
0
4802
4804
0
4805
3421
4613
4724
4688
4806
4853
4810
4769
4725
4808
4881
4814
4815
4860
4853
4820
4847
0
4785
4824
4794
0
0
4848
4824
4743
4831
4828
4875
0
0
4840
4834
4833
4837
4806
0
3418
4767
4768
4806
4777
0
4860
4860
0
4778
4796
0
4841
4788
4821
4679
4862
4821
4847
4848
4776
4801
0
4867
4806
4838
4830
4836
4852
0
0
0
4873
4858
4828
0
4815
4813
4705
4867
4854
0
4887
4884
4892
0
0
4880
4883
4883
4821
4679
4867
4879
0
4889
0
4885
4872
4863
4896
4898
4896
0
0
4897
4902
4910
3461
4901
4903
0
4909
4911
4919
4918
4897
4904
4937
4920
4923
4913
4913
3465
4916
4937
4932
4929
4927
0
0
4930
4939
4912
4927
4935
4930
4943
4936
4931
3500
4935
4926
4924
3497
3495
4938
4946
3490
3639
4947
4948
0
4961
3678
4956
4951
3656
0
4954
4951
4961
4960
4986
4953
4963
4955
4957
4949
4980
4959
0
4966
4963
0
4979
4965
4972
4966
4987
4976
4966
4977
3691
4978
0
4987
3691
4976
4972
4997
4981
4986
4982
4994
4974
3699
4958
4988
4974
4988
4998
4990
4997
