0
0
4
0
21
3486
7
7
0
0
12
13
14
16
34
0
18
9
0
20
10
24
25
10
27
25
29
3512
38
31
0
0
29
30
36
25
39
42
47
39
40
40
0
43
44
30
43
0
48
0
3541
57
55
52
56
0
49
69
0
64
50
45
58
59
69
0
67
51
0
61
45
63
78
64
75
66
70
68
71
77
72
0
53
75
65
74
76
102
0
65
81
82
80
83
84
87
96
86
85
0
86
90
91
95
96
99
114
118
0
103
90
125
105
107
108
112
99
113
90
98
115
116
117
119
120
134
122
124
0
0
127
128
130
131
132
135
136
134
137
138
139
141
126
152
142
143
144
117
154
146
147
148
0
149
150
151
152
153
0
145
156
157
159
160
161
162
163
164
156
145
166
168
169
170
171
172
173
230
174
175
176
177
178
179
180
181
182
183
184
185
186
187
188
225
189
191
192
193
194
195
197
188
199
200
3665
201
202
203
204
205
192
207
208
209
210
211
213
214
215
215
3673
216
0
218
219
220
221
222
223
224
226
227
228
212
231
229
232
233
234
235
236
237
238
0
240
241
242
243
244
245
246
247
248
249
251
252
253
254
230
256
234
258
259
260
261
263
264
266
0
267
268
217
269
270
271
293
272
273
274
275
276
277
278
279
280
281
282
283
284
285
286
287
239
289
290
291
292
322
294
295
296
297
298
265
300
262
301
302
303
304
305
307
308
311
312
313
311
315
316
317
318
319
309
0
320
290
323
324
325
326
310
314
329
330
331
332
333
334
335
336
337
339
340
341
309
343
344
345
346
347
379
348
349
350
351
352
353
354
355
356
357
358
359
360
391
362
363
364
409
365
368
370
371
373
358
375
376
377
378
367
0
382
383
372
384
385
386
387
388
389
376
392
393
394
395
398
399
400
401
402
404
405
407
408
409
412
381
0
383
414
415
416
417
418
419
421
422
423
424
425
427
428
429
0
431
433
413
420
413
436
437
466
448
439
430
440
441
442
443
443
445
431
430
447
448
449
450
451
452
453
454
456
446
467
455
458
459
460
461
462
432
463
464
465
468
469
495
470
471
472
473
474
475
476
465
478
479
480
481
482
483
484
456
486
446
446
489
0
0
492
493
494
496
497
475
499
500
501
507
502
503
504
505
542
506
508
509
511
512
513
514
515
516
517
518
519
520
521
523
524
563
525
526
552
527
529
564
532
534
535
536
537
538
539
540
541
541
544
545
546
547
548
0
0
550
0
553
554
526
556
556
523
559
561
562
564
597
566
567
568
569
570
571
572
573
574
575
576
577
578
579
580
581
582
583
584
585
586
587
588
589
618
533
591
592
592
563
595
617
596
566
623
598
599
600
601
602
682
0
603
629
604
0
605
606
607
608
609
610
611
608
613
614
615
622
614
616
0
636
625
626
627
0
628
630
663
0
633
616
634
614
636
634
640
641
642
643
645
646
647
648
650
650
645
680
645
699
654
655
656
657
658
659
660
661
703
684
731
608
634
635
706
669
0
671
672
673
675
671
649
697
679
700
681
0
683
684
685
686
687
730
689
688
706
636
0
691
710
710
0
694
647
647
696
697
720
750
763
723
701
702
704
662
735
668
707
708
674
711
712
713
721
715
716
717
692
0
721
722
724
726
727
729
0
755
756
732
709
733
739
694
763
740
741
0
767
752
771
743
744
0
747
0
743
752
728
753
754
734
756
757
766
733
802
738
0
764
765
768
719
719
749
772
773
810
749
725
0
0
780
721
782
783
784
785
786
787
753
789
815
0
781
792
0
793
794
795
796
797
798
798
709
801
799
800
832
802
0
804
756
803
744
776
772
845
778
812
813
841
816
848
817
798
819
819
821
847
822
823
824
877
826
827
0
828
829
830
831
805
835
808
857
837
838
839
0
867
842
778
843
814
874
847
849
885
852
853
0
856
857
929
859
833
860
863
864
865
840
0
868
870
871
1103
875
878
853
881
882
883
884
821
891
889
890
854
855
892
893
861
894
895
0
896
896
925
898
900
0
725
842
0
903
900
906
879
907
908
0
942
0
909
910
904
911
912
964
914
915
916
917
918
919
920
887
834
922
892
925
926
927
928
899
929
930
0
940
934
935
903
1017
937
938
913
940
943
932
909
945
0
956
946
957
1016
950
912
952
953
954
916
956
957
958
960
961
962
963
0
965
966
0
1044
967
0
968
969
971
972
973
953
1057
965
965
975
976
977
979
980
981
1057
965
975
1037
0
986
987
1071
0
990
993
915
993
996
920
1001
1002
922
1004
923
1006
1007
1008
1110
954
1010
1011
0
1014
946
1016
1018
1019
1020
0
1022
1023
1024
1025
1026
1027
1028
1029
1039
1030
1031
1032
952
1009
1036
0
1038
1040
1041
1043
0
1044
1045
0
1047
1048
1049
1050
1051
1052
1053
1055
1056
1175
1068
1058
1059
1058
1061
1062
1063
1064
978
0
1066
1042
1033
1068
998
1058
1079
988
1073
1073
1074
998
1058
1077
1264
1078
1003
0
1082
1083
998
1084
1070
1086
1087
1088
1089
1090
1087
0
1093
1094
1092
1096
1098
0
1092
0
1102
1106
0
1101
1105
1104
0
1108
1020
0
935
1137
1112
1108
1114
0
1116
1120
0
1215
1119
1122
1123
1217
1126
1128
1129
1130
1131
1132
1200
1133
1134
1135
942
1115
1140
1142
1143
1118
1157
1146
1147
1148
1149
0
1150
1151
1153
1154
1155
1156
1145
0
1159
1160
1162
1061
1164
1260
1175
1170
1165
1052
0
1259
1169
1170
1167
1172
1254
1173
1174
1175
1176
1177
1178
1179
1080
1181
1170
984
1182
997
1005
1185
1186
1322
1080
0
1073
1264
1197
0
1098
1194
0
1195
1116
1192
1196
1221
1213
1005
1198
1199
0
1201
1337
1202
1203
1204
0
1214
1208
1213
1209
1210
1211
1215
0
1124
1218
1219
1020
0
1222
1223
1224
1136
1226
869
1228
0
1229
1230
1231
1233
1234
1235
1153
1236
0
1237
1238
1239
1240
1241
1242
1243
1244
1245
1248
1247
1249
1252
1250
1170
1253
1255
1256
1257
1258
1260
1262
1271
1326
1194
1266
1267
1269
1270
1208
0
1214
1274
1275
1085
1337
1276
1277
1124
1281
1282
1283
1284
1339
1285
1286
1287
1288
1225
0
1225
1289
1291
1292
1229
1294
1295
1296
1297
1298
1299
1300
1301
1302
1303
1304
1305
1294
1307
1308
1309
1250
1248
1250
1176
1313
1254
1314
1315
1317
1318
1319
1320
1321
1322
1271
1324
1099
1389
0
1327
1328
1329
1330
1336
1331
1332
1333
1214
1335
1199
0
1340
1337
1398
1280
1344
1345
1407
1346
1348
1348
1226
1463
0
0
0
1354
1300
1294
1357
1427
1358
1359
1361
1421
1363
1364
1365
1366
1368
1423
1306
1369
1370
1377
1434
1372
1307
1375
1376
0
1378
1373
1379
1380
1381
0
1383
1384
1382
1386
0
1387
1388
1390
1391
1268
1394
1395
1396
1397
1456
1398
1399
1466
1400
1344
1402
1463
1351
1403
1500
1408
1410
1411
1348
0
1350
1413
1414
1415
1416
1417
1418
1348
1289
1419
1420
1425
1422
0
1426
0
1428
1506
1479
1377
1430
1431
1432
1433
1434
0
1435
1436
1318
1514
1438
1441
1442
1443
0
4031
1531
1451
1471
1535
1527
1453
1454
1456
1457
1458
1344
1398
1461
1544
1465
0
1467
1500
1454
1469
1471
0
1459
1473
1547
1476
1477
1478
1479
0
1481
1482
1483
1484
1485
1555
1359
1525
1487
1555
1489
1491
1500
1409
1493
1495
1496
1498
1499
1564
1501
1502
1497
1504
1416
1506
1428
1567
1509
0
0
1436
1515
0
1373
1519
1521
1522
1524
1580
1439
1527
1520
1529
1531
1405
1535
1536
1538
1467
1454
0
1541
1542
1582
1547
1480
1581
1545
0
1550
1551
1553
1554
1588
1555
1556
1557
0
1558
1559
1560
1561
1562
1563
1565
1566
1567
1569
1570
1571
1572
0
1574
1523
1568
1640
1577
1578
1579
1580
1480
1581
1583
1584
1649
1585
1715
1548
1592
1589
1589
1589
1590
0
1591
1593
1594
1595
1596
0
1598
1599
1563
1601
1602
1603
1604
1547
1591
1606
1607
1608
1609
1610
0
1612
1613
1614
1625
1615
1616
1617
1618
1605
1621
1622
1623
1624
1626
1627
1628
1630
1631
1632
1633
1570
1636
1637
1638
1639
1575
1642
1643
1546
1644
1645
1646
1647
1589
1480
0
1650
1651
1653
1654
1722
0
1658
1557
1489
1657
1659
1661
1662
1681
1617
1665
1666
1667
1668
1692
1669
1670
1671
1673
1639
1643
1643
1676
1677
1644
1612
0
1680
1646
1682
1684
1722
1480
1686
1725
1687
0
1688
1689
1690
1691
1693
1694
1751
1695
1696
1682
1698
1699
1681
1680
1702
1703
1691
1704
0
1705
0
1707
1708
1709
1734
1710
1644
1712
1713
1714
1714
1717
1718
1719
1701
0
1720
1721
1722
1723
1725
1727
1726
1689
1731
1728
1728
1730
1732
1733
1734
1712
1735
1737
1714
1724
1737
1718
1740
1741
1698
1742
1743
1744
1745
1746
1747
1727
1749
1750
0
1752
1753
1753
1757
1755
1756
1758
1759
1760
1761
1762
1763
1764
1698
1766
1765
1768
1769
1770
1771
1773
1792
1774
1672
1775
1776
1777
1765
1778
1779
1780
1781
1782
1790
0
1783
1784
1785
1786
1787
1787
1788
1789
1791
1793
1794
1795
1797
1798
1799
1800
1801
1802
1803
1796
1804
1805
1806
1807
1808
1809
1810
1811
1812
1813
1814
1815
1816
1817
1818
1819
1820
1821
1822
1823
1824
1825
1826
1827
1828
1829
1830
1831
1832
1833
1834
1835
1836
1837
1838
1839
1840
1841
1842
1843
1844
1845
1846
1847
1848
1849
1850
1851
1852
1853
1854
1855
1856
1857
1858
1859
1860
1861
1862
1863
1864
1865
1866
1867
1868
1869
1870
1871
1872
1873
1874
1875
1876
1877
1878
1879
1880
1881
1882
1883
1884
1885
1886
1887
1888
1889
1890
1891
1892
1893
1894
1895
1896
1897
1898
1900
1901
1902
1903
1904
1905
1906
1907
1908
1909
1910
1911
1912
1913
1914
1915
1916
1917
1918
1919
1920
1921
1922
1923
1924
1925
1926
1927
1928
1929
1930
1931
1932
1933
1934
1935
1936
1937
1938
1939
1940
1941
1942
1943
1944
1945
1946
1947
1948
1949
1950
1951
1952
1953
1954
1955
1956
1957
1958
1987
1959
1960
1961
1962
1963
1964
1965
1968
1968
1970
1948
1972
1973
1974
1975
1976
1966
1967
1978
1979
1980
1981
1982
1966
1966
1984
1985
1986
1987
1988
1989
1990
1991
1992
1993
1994
1993
1996
1997
1998
1999
0
2001
2002
2003
2004
2005
2006
2007
2008
2009
2000
2010
2011
2011
2013
2014
2015
2016
2017
2018
2019
2012
2020
2021
2022
2023
2024
2025
2026
2027
2027
2029
2030
2031
2032
2033
2034
2035
2036
2037
2038
2039
2040
2041
2042
2043
2044
2045
2046
2037
2048
2049
2050
2051
2052
2053
2054
2055
2056
2057
2058
2059
2060
2061
2062
2063
2064
2065
2066
2067
2068
2069
2053
2071
2072
2073
2074
2075
2062
2077
2078
2048
2079
2048
2081
2082
2083
2084
2085
2086
2087
2088
2089
2090
2091
2092
2093
2094
2095
2096
2097
2098
2099
2088
2101
2102
2103
2103
2105
2106
2107
2113
2109
2110
2111
2108
2114
2115
2116
2117
2118
2119
2105
2121
2122
2111
2124
2125
2126
2127
2128
2129
2130
2130
2132
2133
2134
2135
2199
2137
2138
2139
2140
2141
2142
2143
2144
2145
2146
2147
2148
2149
2150
2151
2152
2153
2154
2155
2156
2157
2158
2159
2160
2161
2163
2164
2165
2166
2167
2173
2168
2169
2170
2171
2172
2174
2175
2176
2177
2178
2179
2180
2181
2182
2183
2184
2185
2186
2187
2188
2189
2190
2191
2192
2193
2194
2195
2196
2197
2198
0
2200
2201
0
2202
2203
2204
2205
2206
2207
2208
2210
0
4119
2223
2212
2214
0
2215
2216
2217
2218
2220
2222
2235
0
2224
0
2225
2226
2227
2228
2230
2231
2248
2232
2209
2234
2260
2237
2213
2239
2240
2254
2242
2258
2244
2246
2247
2299
2256
2249
2250
2251
2252
2245
2242
2295
2257
2227
2257
2228
2259
2260
2299
2261
2240
2263
2264
2265
2266
2270
2267
2268
2263
2271
2255
2273
2275
2274
2275
2236
2277
2278
2280
2282
2283
2309
2286
2320
2289
0
2331
2293
2355
2291
2355
2386
2295
2276
2294
2261
2301
2335
2272
0
0
2307
2369
2305
2309
2308
2277
2311
2312
2313
2313
2314
2314
0
2355
2317
2316
2387
2318
2319
2321
2324
0
2267
2326
2327
2329
2322
2295
2258
2366
2338
2339
2372
2342
2341
0
2343
2380
2328
2346
2323
2348
2349
2351
2352
2353
2325
2387
2356
0
2357
2359
2292
2332
2390
0
2359
2394
2399
2362
2364
2365
2368
2371
0
2415
2418
2373
2345
2377
2378
2428
2425
2381
2382
2383
2384
2385
2386
0
2389
2390
0
2393
2400
0
2441
2407
2392
2359
2410
0
2401
2415
2448
2452
2405
0
2408
2409
2411
2413
2414
2409
2460
2370
2462
2419
2420
2421
2344
2422
2423
2424
2426
2482
0
2428
2429
2430
2432
2433
2434
2387
2436
2437
0
2438
2388
2439
2440
2446
2442
2392
2444
2445
2406
0
2449
2456
2450
2415
2452
2449
2451
2409
2456
0
2499
2457
2458
2459
2460
2461
0
2463
2459
2465
2466
2467
2469
2470
2471
0
2377
2475
4175
2476
2512
2477
2478
2479
2481
2427
2483
2438
2484
2439
0
2388
0
2406
2490
2493
2494
0
2496
2498
2499
2500
2472
2534
2502
2503
2504
2505
2506
2507
2508
2509
2507
2510
2512
2513
2514
2516
2467
2517
2518
2519
2520
2521
2562
2563
2523
2519
2525
2526
2491
2492
2500
2495
2530
2531
0
2533
2534
2536
2511
2538
2539
2575
2541
2543
2501
2549
2586
2550
2551
2552
2554
2555
2556
2557
2558
2557
2560
2565
2561
2564
2565
2592
2566
0
2567
2568
2570
2614
2571
2572
2546
2574
2575
2576
2532
2577
2578
2546
2585
2580
2581
2582
2583
2584
2586
2589
0
2587
2592
2591
2564
2565
2593
2593
2596
2597
2598
2599
2600
2601
2603
0
2604
2605
2606
2607
2608
2569
2612
2649
2609
2615
2652
2617
2618
2585
2545
2549
2623
2624
2625
2656
2598
2629
2627
2628
2640
2631
2632
2571
2634
2635
2571
2637
2638
0
0
2641
2642
2606
2643
2644
2645
2576
2647
2650
2677
2651
2538
2653
2654
2655
2588
2658
2659
2693
2692
2694
2662
2735
2663
2664
0
2665
2666
0
2668
2669
2639
2605
2671
2704
2672
2676
2677
0
2679
2723
0
2620
2683
2684
2685
2686
2687
2688
2690
2693
2695
2733
2696
2735
2697
2698
2740
2699
2689
2700
2750
2701
2702
2702
2748
0
2705
2706
2708
2710
2640
2707
2711
2713
2717
2715
2682
2790
2681
2719
2720
2721
2724
2725
2831
2728
2729
2556
2770
2731
2732
0
2734
2735
2691
2820
2662
2817
2738
0
2739
2742
2743
2744
2745
2746
2741
2748
2749
2707
2752
2753
0
2754
2778
2755
2673
2756
2790
0
2722
2758
2759
2759
2762
2763
0
2800
2764
2765
0
2768
2767
2731
2771
2772
2816
2773
2774
2865
2776
2777
2778
2780
2781
2782
2785
2783
2784
2786
2787
2788
2828
2789
2716
2792
2793
2794
2839
2795
2796
2797
2798
2799
2800
2766
0
2805
2807
0
2767
2804
2814
2810
2811
2812
2813
2815
0
2822
2821
2823
2784
2826
2785
0
2831
2832
2834
2725
2802
2836
2812
2812
2838
0
2766
2854
2893
2758
2789
2843
2844
2845
2843
2936
2849
2850
2851
0
2852
2853
0
0
2856
2855
2858
2859
2860
2861
2821
2866
2868
2869
2824
2872
2873
2830
2875
2841
2962
2963
2836
2959
2964
2917
2957
2809
2880
2919
0
2905
2881
2806
2882
2972
2927
2883
2885
2889
2846
2892
0
2895
2891
2943
0
2897
2869
2901
2900
2902
2903
2904
3015
2906
2907
0
2871
2908
2910
2879
2911
3020
2875
2963
2913
2834
2915
2917
2918
2886
2920
2921
2922
2923
0
2950
2925
2989
2928
2901
2930
2931
2932
2933
2934
2887
2935
2938
0
2993
3047
2941
3051
0
2943
2899
2945
0
2949
2905
2900
2953
2879
2879
3011
2911
2911
2958
2962
2877
3019
2960
2961
3020
2964
2965
2966
2967
2970
2971
3071
3089
2924
2887
2976
2979
4289
2974
2981
2982
3042
0
2916
2895
2986
2987
0
2990
2937
2992
2993
3053
0
2995
2996
2997
3004
0
3003
0
3006
0
3008
2954
2997
0
3012
3013
0
2948
3007
3017
3068
3018
0
3019
3021
3022
3023
3024
3025
3026
3027
0
0
3077
3078
3030
3031
3036
3032
0
3087
2975
0
2973
3000
3051
0
3043
3045
3097
0
3046
2983
2984
2991
0
3113
3050
0
3062
3056
3056
0
3057
3057
3004
3059
2954
0
3063
3002
3068
3065
0
0
2969
3006
3021
3014
0
0
3073
3074
3024
3133
0
3138
3079
3080
3027
3082
3083
3174
3084
3142
3029
3092
3141
3091
3159
3152
3156
3083
3096
3098
3093
3095
3159
3103
0
3050
3141
0
2990
3055
3103
3112
3104
3154
3050
3121
3110
3111
0
4301
2990
3175
3115
3116
3117
0
3069
3005
3120
3121
3232
3123
3052
3233
3068
3185
3129
3016
3075
3133
0
3135
3137
3139
3140
3188
3164
3197
0
3089
3144
3146
3137
3037
3148
3208
3095
3152
2968
3154
3108
3157
3158
3050
2995
3218
3098
3154
4351
0
3063
3170
3177
3178
0
3163
3107
3171
3172
3174
3052
0
3127
3178
3180
3271
3233
3230
3185
3181
3128
3182
3141
3233
3184
3073
0
3187
3188
3136
3190
3191
0
3193
3244
3133
0
0
3194
3292
3202
3203
3211
0
3206
3207
3209
0
0
3213
3215
3217
3171
3101
3219
3165
0
3221
3167
3165
3225
3123
3177
3229
0
0
3172
3315
3122
3189
3231
3278
3234
3186
3231
3182
3278
3240
3276
3238
3243
3243
3244
3192
3245
3323
3282
0
0
3199
3202
3201
3188
3251
3242
3206
3211
0
3254
3255
3212
3241
3257
3258
3259
3167
3263
0
0
4571
3330
3215
3221
3226
3177
3270
3172
3274
0
3269
0
3316
3276
0
3277
3192
3273
3237
3279
3281
3184
3242
3239
3273
3285
3321
3253
0
3288
3289
3290
3291
3290
3287
3294
3297
3298
3211
3302
3297
0
3264
3264
0
0
3220
3268
3215
3327
0
3277
3311
3269
3312
3273
3313
3313
3331
0
0
3313
0
0
3280
0
0
3334
0
4546
0
3335
3325
3326
3262
0
3305
3328
3330
3290
0
0
3333
3335
3336
3337
3335
0
0
3303
0
0
3343
3344
3328
3348
3311
3351
0
0
3356
3357
3358
3357
3360
3361
3362
3388
0
3363
3342
3342
3364
3365
3366
3369
4711
3343
3401
3401
3373
3374
0
3404
3376
3377
3378
3379
3380
3381
3405
3375
3384
3354
3385
3386
3387
3388
3388
3390
3391
3392
3393
3393
3396
0
4711
3399
3379
3373
0
3403
3405
3406
3407
3408
3383
3405
3409
3422
3416
3387
3413
3414
3413
3416
3418
3419
3407
3420
3422
3424
0
3424
3425
3426
3427
3428
3397
3430
3418
0
3433
3434
3427
3425
3430
0
3438
0
3443
3445
3442
3447
3441
3444
3449
3451
0
0
3455
0
3450
0
0
3456
2
3454
3458
3474
3454
0
3462
3458
3469
3465
3459
3467
1
4935
3498
3471
3461
3481
3494
3480
3473
0
3490
3491
3466
3466
11
0
3483
3480
3483
3
3500
3489
0
0
0
0
3495
3510
3472
3472
3504
24
3506
3504
3493
3507
3501
3515
3495
3513
3515
3502
3517
3518
3519
3522
3501
3523
0
3526
3514
3547
3530
3516
3532
3535
3539
3536
3505
3521
3543
0
3533
0
3531
3549
3546
3523
3527
3550
0
3553
3527
3563
3531
3544
3576
3545
3539
3556
3550
3551
3565
0
3568
3551
3552
3556
3560
3553
3582
3555
3562
3564
3558
3577
3569
3578
3561
3565
3566
3581
45
3568
3575
3596
3584
3553
3586
3590
3573
3591
3582
3593
3603
3588
3580
3597
3612
3572
3602
3608
3601
3592
0
3605
3607
3615
3600
0
3610
3604
3614
3588
3609
3617
3633
3618
3619
3620
0
3622
0
0
3623
3633
3631
3627
3628
3620
3638
4939
0
4944
0
3635
115
3630
3639
3627
3642
0
0
3629
3650
3645
3643
3647
3649
3654
3645
0
0
3650
3643
3651
3667
3650
167
0
3660
0
3655
3662
0
190
3664
3659
3668
0
3669
3670
3671
3672
3662
3674
3671
3677
3667
0
3675
3680
3690
3681
3682
3669
3688
3696
3698
3679
3685
3687
3689
3692
3694
3693
3693
0
0
3691
3699
3699
3701
3702
3707
0
3729
3715
3708
3716
3703
3716
3719
3705
3704
3723
0
0
3727
0
3788
3717
3749
3712
0
3711
3748
3713
3706
3722
3726
3739
3759
3717
3709
3741
3766
3721
3740
3742
3770
3724
3752
3748
3773
3755
0
3729
0
3721
3861
3767
3750
3720
3758
3751
3706
0
0
3746
3773
0
3764
3780
3761
3773
3725
3762
3754
0
3778
3762
3756
0
3742
3784
3768
3787
3836
3787
3770
3878
0
3776
3809
3745
3765
3763
3763
3781
3760
3770
3817
3770
3781
3808
3787
3753
3792
0
3882
3847
3778
3796
3783
3783
3799
3765
0
3802
3770
3768
3808
3787
3771
3869
3758
3725
0
3841
3857
3798
3783
3885
3801
3783
3820
3781
3822
3844
0
3826
3824
3844
3827
0
3828
3829
3830
3850
3832
3833
3832
0
3769
3837
0
3781
3839
3842
3844
0
3845
3811
3850
3851
3852
3853
3832
3802
3857
3858
0
3802
3836
3911
3860
3862
3862
3865
3774
3867
3825
3898
3973
3871
3778
3830
3874
3855
3843
3822
3892
3895
3876
3894
3867
0
3881
3778
0
3853
3942
3884
3886
3887
3814
3889
3892
3860
3893
3894
3876
3769
3897
3898
3899
3844
0
0
3939
0
3903
3904
3919
3868
3811
0
3909
3882
0
3954
3913
3900
991
3893
3916
3979
3899
1010
3940
3902
3869
3923
3902
3942
3926
0
3925
0
0
3889
3893
3937
3969
3967
3893
3972
3941
3939
3942
3949
3918
3981
3954
3936
0
4003
3853
0
3952
3944
3933
3948
4001
3897
0
3919
3846
3958
3994
1161
3952
3946
3947
0
0
3936
3880
0
3994
4004
3849
3971
3973
3930
3880
3948
3963
3931
3930
4008
3981
3988
0
3880
3880
3908
4024
3977
4023
4004
4007
3989
3993
0
3990
4001
4020
3959
0
3978
3958
0
3997
0
4055
0
0
4023
3976
4050
3963
4050
4073
3982
3998
0
0
3960
3991
4025
4007
1367
3976
4043
4013
4029
3996
3996
4028
4052
0
4026
4027
0
0
0
0
4044
0
4046
4033
4033
4034
4078
4035
4036
4069
3976
0
4015
4075
4073
0
4045
0
4002
4058
4039
4053
4053
4030
4020
4078
4047
3995
1446
4068
4067
0
4070
4006
1537
4021
4025
4058
1518
4085
4085
1530
4063
4075
4084
4087
4085
4063
4086
0
4088
4092
4090
4089
4094
4096
2136
0
4095
4095
4102
4103
4097
4108
4111
4098
4109
4111
4105
4098
4113
0
0
0
4107
4115
0
4116
4108
4132
4126
4121
2211
2211
4126
2221
0
4127
4128
4116
0
0
4128
0
0
0
4158
4146
4139
4142
0
4141
0
4122
4138
4143
4140
4138
4149
4150
0
4148
4151
0
4145
0
4144
4156
4163
4137
0
4161
4162
0
4164
4174
4160
4169
4171
4166
0
0
0
4174
4155
4172
4176
0
2548
4183
4186
0
4180
4182
4185
4184
4192
0
0
4211
4185
4189
0
4200
4184
4214
4191
4195
4181
4197
4210
4236
4188
4243
4215
4183
0
4241
0
0
2896
4194
4208
4221
4235
4221
4200
4189
4249
4252
4190
4216
4227
0
4261
4246
4219
0
2884
4197
2884
4209
4222
4252
4261
4247
4220
4230
4265
4220
0
4251
4232
4238
0
4217
4224
4254
4302
0
0
0
4261
4219
0
4328
4292
0
4295
4223
0
4253
4310
4263
4263
4281
4305
4301
4228
4272
4268
4273
0
4250
4315
4278
4224
4246
4308
4281
4258
4257
4247
4256
0
4264
4232
4267
0
4250
4271
4237
4297
4293
4318
4217
4375
4282
4567
4261
4299
4286
4429
3001
4310
4219
4391
4429
4287
4313
4269
4334
4312
4270
3072
4334
4338
4312
4275
0
0
4300
4379
4327
4375
4265
4304
4389
4304
4313
4332
4287
4334
0
4503
4315
4320
0
4343
4293
4366
4341
4457
4348
4346
4297
4354
4375
4350
4350
4418
4328
4389
4311
4401
4434
4439
4333
4363
0
4293
0
4407
4321
0
4348
4366
4373
4355
4377
4375
4390
4383
4324
4333
4355
4541
4421
0
0
4329
0
4355
4389
4305
4400
4331
4360
4294
4365
4400
0
4317
4403
0
4361
0
4318
4361
4518
4293
4451
4325
4347
4348
0
4379
4414
0
4349
4282
4521
0
4378
4424
4426
4569
4419
4465
0
0
4467
3040
4410
4364
4389
4509
4362
4416
4413
0
4482
0
4446
4515
0
4383
4451
4537
4455
4535
4425
0
4457
0
4453
4474
4453
4426
4401
4469
4498
4400
4475
0
4398
4410
4446
4332
4362
4445
0
4624
4585
4523
0
4564
4531
4223
4352
0
4450
0
0
4378
0
4461
0
4496
4399
0
4502
4468
0
4548
4547
4445
4554
4404
0
4404
4473
0
4475
4568
4559
0
4394
4456
4575
4575
4525
4390
4469
4579
4530
0
4531
4362
4561
4585
4402
4535
4723
4558
4594
4489
4481
0
4681
3344
4655
4543
3338
0
4635
4399
0
4549
0
4503
4555
4485
4582
4564
4587
4561
4562
4563
0
4564
4490
4598
4536
4675
4539
4603
4599
4632
4612
4569
4632
4564
0
4656
4607
4655
4550
4577
0
0
4584
4586
4444
4553
4659
4592
4562
4590
4596
4598
4599
4514
4601
4539
0
4566
4593
4571
4604
4607
4639
4545
4574
0
4472
4613
4640
0
4617
0
4616
4617
4618
4598
4557
4621
4648
4622
4623
4646
4666
4625
4514
4600
4619
4799
4566
4417
4627
0
4629
4608
4553
4633
0
4636
4551
4557
4613
4694
4692
0
4651
0
4603
4627
3370
4649
4517
4542
0
4739
4712
4620
0
4682
4633
4542
4550
4743
0
4663
4722
4654
4790
4674
4667
4642
4669
4670
4671
4622
4673
4603
4603
0
4539
4647
4741
4682
4566
4760
4748
4714
0
0
0
4686
4717
4577
4690
4661
4645
4672
4693
0
4698
4699
4701
0
4666
0
4673
4734
4679
4782
4631
4710
4682
4686
4616
4721
4718
4719
4722
0
4655
4745
4692
4641
4846
4726
4748
4694
4727
4597
4695
4731
4721
0
4749
4830
4797
4705
0
4759
4703
0
0
4741
4754
4807
3338
0
4805
0
4616
0
4698
4756
0
4795
4678
4801
4769
4837
4838
4831
4710
4764
4711
4767
4796
4746
4688
0
4772
4695
4725
4771
4772
4771
4773
0
0
4768
4716
4748
4766
4780
0
4794
4729
4703
4786
4788
4662
4791
4792
4662
4795
3370
0
4754
4733
4832
4800
0
0
0
4756
4868
0
4803
4740
4800
4807
4783
4665
4773
4824
4811
4770
4819
4815
4824
4821
0
0
0
4839
4864
4802
4827
4789
4826
4832
4665
3395
4834
4758
4832
4805
0
4740
4740
4764
4804
4748
0
4857
4685
0
4730
0
0
4783
4815
4831
4731
4877
4817
4832
4850
4878
4830
0
3398
4793
4822
4853
4808
0
4839
4803
4872
4787
4817
4833
0
4809
4882
4875
4881
4876
0
4880
4880
0
4730
4817
4859
4876
4863
4885
4862
4870
4847
4893
4889
4893
0
0
4888
4892
4896
3441
4899
4895
3443
4903
4904
0
4909
4888
4901
4917
0
4914
4902
4902
3448
4930
4917
4915
4906
3453
4912
0
4919
4928
4905
3453
4920
4919
0
4921
4934
0
4920
4924
4922
0
3473
4931
4937
3471
3613
4939
3644
4940
4955
4961
0
4950
3632
4944
4948
4950
4955
4954
4964
4943
4960
4971
4952
3648
4962
4953
4976
4968
4960
4963
0
4957
4970
4968
4966
4978
4968
4969
4967
4979
4977
4966
4967
4978
4970
4999
4981
4964
4980
4996
5001
3685
4959
4992
5001
4992
4998
4989
4999
