0
21
4
0
0
10
0
12
13
14
16
34
0
18
9
0
20
7
12
24
25
22
27
17
18
29
3512
38
31
0
22
29
30
36
25
39
42
47
25
40
40
0
43
44
30
43
0
48
50
3541
57
55
52
49
69
50
56
64
72
45
59
58
59
51
60
0
61
45
63
78
64
66
70
67
71
111
53
75
65
75
68
76
77
102
0
65
80
81
82
83
84
87
96
85
86
90
91
94
95
96
97
100
123
114
114
103
90
0
0
126
107
108
99
112
113
113
90
98
107
117
119
120
134
122
124
125
0
127
0
130
131
132
119
135
136
123
137
138
139
141
126
152
142
143
144
154
146
147
154
148
0
149
150
151
152
153
0
145
157
177
159
160
161
163
164
156
145
166
162
168
169
170
171
172
173
230
174
175
176
178
179
3665
181
182
184
185
186
187
188
189
191
192
193
194
195
197
188
199
200
3665
201
202
203
204
205
192
207
208
209
210
211
212
213
214
215
215
216
0
218
219
220
221
222
223
224
225
226
227
228
229
231
232
233
234
235
236
237
238
0
240
241
242
243
244
245
246
247
248
249
281
251
252
253
254
230
256
234
258
259
260
261
263
264
266
0
267
268
217
269
270
271
272
274
275
273
276
277
278
279
312
280
282
283
284
285
265
286
287
0
239
289
291
292
322
293
294
295
296
297
298
265
300
262
290
301
302
303
304
307
308
310
311
313
311
315
316
317
318
319
322
320
309
323
324
305
325
326
327
314
329
330
331
332
333
335
337
340
341
343
344
345
339
379
348
349
350
351
352
353
354
336
355
357
358
359
360
360
362
363
364
346
365
347
368
370
371
334
0
339
376
0
378
367
0
382
383
356
384
385
386
375
387
388
389
376
409
391
392
377
393
394
395
398
399
400
405
401
402
404
389
407
408
409
412
381
0
383
414
415
416
417
418
419
421
422
423
424
425
427
428
429
0
377
431
433
413
420
413
436
437
466
431
439
430
440
441
442
443
443
445
458
447
448
0
450
451
452
453
454
456
448
455
459
460
461
462
432
463
464
465
448
0
468
469
450
470
471
495
472
473
474
475
476
478
479
480
481
482
483
484
456
486
446
446
489
0
491
492
493
496
497
501
499
502
503
504
505
506
506
507
508
509
511
512
513
514
515
516
517
518
519
520
521
523
524
531
525
526
552
527
529
531
532
525
534
535
536
537
538
539
540
541
542
500
544
545
546
547
548
549
0
550
0
553
576
554
526
556
556
523
559
561
562
564
533
596
566
567
568
569
570
571
572
573
574
575
578
580
603
581
607
583
584
585
586
587
588
589
591
592
592
563
617
596
623
598
599
600
601
602
682
0
604
0
605
607
608
609
610
611
608
613
614
615
636
618
622
671
616
595
622
645
625
626
627
0
684
629
663
0
684
634
579
0
634
640
641
642
643
645
646
647
648
650
650
645
700
699
654
655
656
657
658
659
660
683
703
662
687
731
608
634
633
669
635
0
671
672
673
650
675
649
678
679
680
681
0
685
686
705
621
0
0
689
674
693
692
649
694
647
647
696
698
720
750
763
0
701
702
704
662
706
668
668
766
708
734
688
710
740
712
713
715
716
720
721
722
723
0
0
725
726
728
729
0
754
800
732
733
735
709
762
736
733
711
739
763
741
767
752
743
744
745
721
0
717
727
724
724
697
750
743
752
753
755
756
734
734
757
0
0
738
0
764
765
767
768
769
807
771
772
773
747
774
776
0
778
772
780
781
782
783
784
785
786
787
753
789
790
781
792
0
793
794
795
796
797
798
798
801
799
756
0
0
764
804
688
0
803
725
774
810
840
0
778
839
812
813
816
848
817
798
798
819
819
822
822
823
824
800
826
827
0
828
829
830
831
805
834
835
0
837
838
0
0
843
0
879
814
845
888
853
849
821
852
0
805
856
857
833
863
808
861
864
0
865
0
0
870
871
1105
0
875
877
879
878
821
911
881
882
884
890
887
889
891
854
855
929
892
893
931
853
894
860
898
894
0
868
0
903
900
906
907
908
0
0
874
0
909
910
904
911
964
914
1037
916
883
917
918
919
920
921
922
924
925
926
927
928
899
930
0
0
935
903
937
938
913
940
942
943
932
909
945
956
0
946
0
947
948
1017
950
912
952
953
954
916
956
0
957
958
959
960
961
962
963
0
965
966
0
966
1044
967
0
968
969
971
972
973
953
1057
965
965
975
976
977
978
980
981
1057
965
975
975
0
0
986
987
979
0
990
991
993
1077
993
996
997
998
887
1001
1002
1004
923
1006
1007
1000
1110
954
1092
1011
0
1275
0
0
3994
946
1016
1018
1019
1020
0
1022
1023
1024
1025
1026
1027
1028
1029
1040
1030
1031
1032
1033
1009
1036
0
1038
1041
1043
0
1044
1045
1047
1152
1049
1050
1051
1052
1053
1055
1056
1175
1068
1058
1059
1058
1061
1062
1063
1064
978
0
1066
1042
1068
998
1058
1079
1071
988
1073
1073
0
1077
1190
1078
1003
0
1083
998
1084
1085
1070
1086
1087
1089
1090
0
1093
1092
1096
0
0
0
1102
1209
1106
0
1101
1106
1108
1020
0
935
1112
1108
1114
0
1116
1115
0
1215
1119
1122
1126
1126
1128
1284
1129
1130
1131
1132
1019
1133
1134
1136
869
0
0
942
1236
1140
1142
1119
1118
1146
1147
1145
1149
0
1150
1151
1153
1154
1155
1156
1158
1040
1159
1160
1162
1061
1164
952
1170
1165
1052
0
1259
1168
1175
1169
1062
1172
1173
1174
1175
1176
1177
1178
1179
1080
1181
1170
984
1182
1005
1185
1186
0
1080
1187
1073
1190
1197
0
1098
1194
1195
1116
1192
1196
1221
1213
1005
1198
1199
0
1201
1337
1202
1203
1094
1214
1208
1213
1210
1211
1215
1214
1104
1124
1218
1219
1020
1222
1223
1224
1135
1226
3994
1228
1229
1230
1231
1233
1234
1235
1153
0
1237
1238
1239
1240
1241
1242
1243
1244
1245
1247
1248
1249
1170
1252
1254
1250
1255
1255
1256
1257
1258
1260
1183
0
1262
1271
1253
1194
1266
1267
1326
1269
1270
0
1214
1274
1085
1337
1276
1277
0
1279
1266
1124
1281
1282
1283
1285
1286
1287
1288
1225
0
1225
1289
1350
4032
1291
0
1292
1293
1294
1295
1296
1297
1298
1299
1300
1301
1302
1303
1304
1367
1305
1306
1307
1308
1309
1248
1250
1176
1313
1314
1315
1183
1317
1318
1319
1320
1321
1322
1271
1324
0
1099
1389
1327
1328
1329
1330
1336
1331
1332
1333
1214
1335
1336
1340
1337
1398
0
1280
1344
1345
1339
1407
1346
1348
1348
1226
1463
0
1354
1300
1294
1357
1427
1358
1359
0
1361
1300
1421
1363
1364
1365
1366
1368
1423
1306
1369
1370
1377
1434
1372
1307
1375
1376
1378
1373
1380
1381
1382
1384
1386
0
1387
1388
1451
1390
1391
1268
1394
1395
1396
1397
1456
1398
1399
1466
1400
1344
1402
1463
1463
1351
1403
1405
1500
0
1410
1411
1348
0
0
1413
1414
1469
1415
1417
1418
1348
1289
1419
1409
1422
1503
1425
1426
0
1428
1506
1384
1430
1431
1432
1433
0
1416
0
1435
1436
1318
1514
1438
1439
1441
1442
1443
1383
1385
1446
1447
1449
1451
1452
1527
1453
1397
1456
0
1458
1398
1344
1462
1581
1465
0
1467
1500
1414
0
1410
1454
1473
1473
1459
1476
1477
1478
1479
0
0
1481
1482
1409
1420
1483
1484
1485
1555
1359
1525
1487
1555
1489
1490
1491
1500
1416
1495
1496
1498
1499
1508
1501
1502
1504
1506
1428
1509
0
0
1436
1437
1514
1515
1516
1373
1518
1519
1521
1522
1444
1524
1580
1439
1527
1520
1529
1531
1471
1531
1534
1536
1538
1467
1404
1397
1541
1542
1582
0
1545
1544
1549
1551
1547
1553
1554
1588
1555
1556
1557
0
1590
1558
1559
1560
1493
1561
1562
1563
1564
1565
1566
0
1569
1570
1571
1572
0
1574
1640
1577
1578
1579
1580
1480
1581
1584
1585
1715
0
1589
1589
1591
1593
1594
1595
1596
0
1598
0
1599
1563
1601
1602
1603
1604
1547
1606
1607
1609
1610
1611
0
1613
1614
1615
1616
1617
1618
1619
1621
1622
1624
1608
1626
1627
1628
1568
1630
1631
1632
1633
1570
1636
1637
1638
1612
1575
1641
1642
1643
1546
1644
1645
1646
1647
1589
0
1649
1650
1651
1653
1654
1722
1722
0
0
1557
1489
1690
1661
1662
1681
1658
1617
1665
1667
1668
1669
1670
1671
1672
1673
1639
1643
1612
1676
1677
1644
1680
1698
1646
1681
1682
1480
1686
1725
1687
0
1689
1691
1692
1693
1694
1751
1695
1696
1644
1698
1699
1718
0
1702
1703
1691
1704
0
1705
1656
1707
1708
1709
1734
1710
1712
1714
1714
1717
1718
1740
1701
0
1720
1721
1698
1722
1722
1744
1723
1724
1725
1727
1689
1727
1728
0
1773
1730
1728
1732
1733
1713
1735
1712
1714
1737
1737
1718
1740
1741
1742
1745
1726
1747
1727
1749
0
0
1750
1752
1753
1753
1757
1755
1756
1758
1759
1760
1761
1762
1763
1764
1698
1743
0
1765
1768
1769
1770
1772
1774
1776
1777
1778
1779
1781
1782
1775
1783
1784
1785
1786
1787
1787
1788
1780
1790
1792
1793
1791
1795
1796
1797
1798
1799
1800
1801
1802
1803
1804
1805
1806
1807
1808
1809
1810
1811
1812
1813
1814
1815
1816
1817
1818
1819
1820
1821
1822
1823
1824
1825
1826
1827
1828
1829
1830
1831
1832
1833
1834
1835
1836
1837
1838
1839
1840
1841
1842
1843
1844
1845
1846
1847
1848
1849
1850
1851
1852
1853
1854
1855
1856
1857
1858
1859
1860
1861
1862
1863
1864
1865
1866
1867
1868
1869
1870
1871
1872
1873
1874
1875
1876
1877
1878
1879
1880
1881
1882
1883
1884
1885
1886
1887
1888
1889
1890
1891
1892
1893
1894
1895
1896
1897
1898
1900
1901
1902
1903
1904
1905
1906
1907
1908
1909
1910
1911
1912
1913
1914
1915
1916
1917
1918
1919
1920
1921
1922
1923
1924
1925
1926
1927
1928
1929
1930
1931
1932
1933
1934
1935
1936
1937
1938
1939
1940
1941
1942
1943
1944
1945
1946
1947
1949
1950
1951
1952
1953
1954
1955
1956
1957
1958
1987
1959
1960
1961
1962
1963
1964
1965
1968
1968
1970
1948
1972
1991
1973
1974
1975
1976
1966
1967
1978
1979
1980
1981
1982
1966
1966
1984
1985
1986
1988
1989
1990
1992
1993
1994
0
1996
1997
1998
1999
0
2001
2002
2003
2004
2005
2006
2007
2008
2009
2000
2010
2011
2013
2013
2014
2015
2016
2017
2018
2019
2012
2020
2021
2022
2023
2024
2025
2026
2027
2027
2029
2030
2031
2032
2033
2034
2035
2036
2037
2038
2039
2040
2041
2042
2043
2044
2045
2046
2037
2049
2050
2051
2052
2053
2054
2055
2056
2057
2058
2059
2060
2061
2063
2064
2065
2048
2066
2067
2068
2069
2053
2071
2072
2073
2074
2075
2062
2077
2077
2088
2048
2079
0
2081
2082
2083
2084
2085
2086
2087
2089
2090
2091
2092
2093
2094
2094
2095
2096
2097
2098
2099
2101
2102
2103
2103
2105
2106
2107
2089
2109
2110
2111
2107
2108
2113
2115
2116
2117
2118
2119
2105
2121
2122
2111
2124
2125
2126
2127
2128
2129
2130
2130
2132
2133
2134
2135
2199
4095
2137
2138
2139
2140
2141
2142
2143
2144
2145
2146
2147
2148
2149
2150
2151
2152
2153
2154
2155
2156
2157
2158
2159
2160
2161
2163
2164
2165
2166
2167
2173
2168
2169
2170
2171
2172
2174
2175
2176
2177
2178
2179
2180
2181
2182
2183
2184
2185
2186
2187
2188
2189
2190
2191
2192
2193
2194
2196
2197
2198
0
2200
2201
0
2202
2203
2204
2205
2206
2207
2208
2209
2210
0
2223
2212
2214
0
2215
2216
2217
2218
2220
2222
2235
2224
0
2225
2227
2228
2228
2230
2226
2248
2232
2233
2234
2236
2348
2237
2213
2239
2240
2241
2242
2243
2244
2245
2246
2247
2299
2256
2249
2250
2251
2242
2295
2255
2227
2259
2299
2261
2260
2276
2265
2263
2264
2270
2289
0
2271
2257
2273
2272
2274
2275
2277
2278
2310
2341
2282
2284
2254
2312
2267
2283
2319
2321
2293
2355
2291
4162
2295
2294
2261
2301
2272
2335
0
0
2305
2309
2308
2309
2314
2313
2313
0
2355
2316
2317
0
2318
2319
2324
0
2326
2327
2319
2329
2322
2292
2332
2334
2272
2303
2338
2304
2366
2372
2342
2366
2343
2315
2374
2378
2346
2348
2387
2351
2352
2353
0
2387
2324
2325
2357
2390
0
2258
2325
2362
2364
2365
2407
2368
2415
2371
0
2418
2373
2323
2344
2512
2328
2377
2379
2425
2381
2382
2383
2384
2385
2386
0
2389
2390
2438
0
2392
2393
2394
2400
0
2392
2359
2410
0
2401
2448
2359
2399
0
2408
2409
2411
2412
2413
2414
2409
2460
2451
2370
2418
2462
2419
2420
2421
2422
2424
2426
0
2428
2429
2430
2432
2433
2434
2435
2436
2437
0
2388
2439
2440
2446
2442
2444
2445
0
2449
2450
2407
2449
2409
0
2499
2457
2458
2459
2460
2461
2463
2459
2465
2466
2467
2469
2470
2471
0
2377
2423
2475
2476
2477
2478
2479
2480
2481
2427
2482
2484
2439
0
2438
2388
0
2406
2490
2492
2493
2494
2500
2496
2456
2498
2499
2501
2535
2502
2503
2504
2505
2506
2507
2508
2509
2507
2510
2512
2512
2513
2514
2516
2467
2517
2518
2519
2520
2563
2523
2524
2525
2526
2491
2492
2500
2495
2530
2531
2532
2533
2534
2536
2511
2538
2539
2575
2504
2541
2543
2544
2547
2513
2550
2551
2591
2586
2554
2555
0
2557
2562
2586
2560
2561
2562
2565
2592
2566
2568
2570
2614
2571
2572
2546
2574
2575
2576
2577
2546
2585
2580
2581
2582
2583
2584
2549
2587
2589
2591
0
2590
2588
0
2593
2564
2595
2593
2596
2597
2565
2601
2602
2604
2605
2606
2634
2607
2608
2609
2569
2611
2538
2649
2615
2616
2578
2617
2618
2585
2552
2549
2623
2624
2625
2656
2598
2599
2627
2628
0
2631
2632
0
2635
2574
2637
2638
0
2641
2597
2643
2612
2644
2645
2576
2647
2650
2677
2651
2653
2654
2655
2588
2658
2659
2660
2705
2692
2694
2662
2735
2663
2664
2665
2640
2642
0
2666
0
2606
2668
2605
2671
2704
2672
2639
2676
2677
2558
2678
2679
2680
0
2713
2620
2684
2685
2686
2687
2688
2689
2690
0
2693
2694
2695
2733
2696
2735
2697
2698
2740
2699
2700
2750
2702
2702
2640
0
2706
0
2708
0
2710
2711
2674
2715
2716
2717
2759
2681
2719
2720
2721
2723
2724
2725
2728
2556
2730
2770
2731
2732
0
2734
2735
2691
2820
2662
2817
2738
0
2739
2701
2743
2744
2745
2746
2741
2749
2752
2753
2750
0
2754
2778
2785
2755
2673
2756
2790
2722
2758
2729
2723
2831
2719
2762
2763
0
2801
2764
0
2768
0
2767
2771
2772
2773
2774
2865
2776
2777
2778
2780
2781
0
2783
2784
2786
2787
2788
2789
2790
2830
2839
2792
2793
2794
2795
2796
2798
2799
2800
2765
2766
0
2805
2807
2767
2804
2814
2810
2811
2812
2813
2814
2815
2816
0
0
2821
2823
2824
2784
2826
2726
2828
2830
2832
2834
2876
2802
2812
2812
2838
0
2854
2893
2758
2789
2843
2844
2845
2843
2848
0
2850
2851
2852
2936
2853
2856
2855
2858
2859
2860
2861
2821
2822
2866
2868
2869
2870
2872
2873
2875
2841
2831
2963
2836
2959
0
2917
2957
2809
2880
2919
0
0
2881
2806
2882
2884
2885
2804
2883
2889
2846
2862
2890
2894
2891
2892
2749
2896
2897
2869
2899
2900
2901
2902
2903
2904
2909
2907
0
2871
2908
2962
2910
2879
2911
2962
2875
2963
2964
2913
2915
2917
2918
2920
2921
2922
2923
2978
2925
2926
2989
2927
2928
2930
2931
2932
2934
2933
2938
2943
2993
2940
2941
0
2894
2945
2947
0
2949
2950
2905
2953
2954
3011
2911
3011
0
2948
2905
0
2879
2877
3019
2960
2961
2963
3026
2965
2966
3129
2967
2970
2971
2972
3031
0
2976
2979
2935
2981
2982
2984
2935
3042
2895
2986
2987
3036
3097
2990
2899
3000
2992
2993
3001
2939
2996
2997
2998
2999
0
3003
0
0
3006
3108
3008
2997
3012
3007
2900
3013
0
2955
0
2973
3017
3018
0
3021
2915
3023
3024
3025
3027
0
3135
0
0
2977
3030
3051
3142
3032
3087
3037
3089
2975
3039
3092
3047
2986
3043
0
3045
0
3046
2983
2991
0
3050
2942
0
3062
0
3055
3056
3057
3057
3004
3059
2954
0
3063
3002
3068
3014
3006
3068
3014
0
0
3020
3074
3024
0
3078
3138
3079
3080
3027
3028
3082
3083
0
3084
3148
3086
3091
3150
3152
3157
3092
3053
3095
3096
0
3103
0
3050
0
3101
0
2982
3263
3112
3104
3113
3094
3050
3170
3166
3110
3111
3112
0
2990
3127
3115
3116
3117
0
3119
3005
3062
3120
3064
3232
3124
2971
3128
3075
3133
0
3135
3136
3137
3139
3065
3140
3141
3188
3164
3197
3137
3143
3089
3144
3146
3155
3147
3108
3150
3040
3040
3036
3153
0
3158
3050
2995
3098
3154
3154
2990
0
0
3104
3222
3063
3177
3163
3107
3169
3171
3172
3120
3174
3123
3175
3178
3178
3180
3271
3163
3233
3068
3181
3175
3060
3182
3233
3186
3187
3016
3188
3282
3238
3190
3191
0
3193
0
3194
3244
3133
0
0
3243
3199
3292
3202
3203
3209
3211
3204
0
3206
3159
3207
3261
0
0
3213
3215
3217
3326
3171
3101
3263
3161
3219
3177
3221
3165
3225
0
3177
3229
3315
3172
0
3122
3246
3278
3128
3238
3189
3231
3182
3184
3278
3240
3276
3242
3277
3277
3186
3244
3192
3245
3239
3282
0
3202
3201
3188
3251
3211
3253
3254
3255
3212
3257
3258
3259
3167
3262
0
3219
3215
0
3269
3270
3172
0
3274
3269
3270
3276
0
3277
3192
3273
3237
3279
3281
3227
3246
3273
3285
3321
0
3287
0
0
3288
3289
3290
3291
3290
3204
0
3294
0
3297
3298
3211
3253
3253
3204
3302
3303
3325
3297
0
3264
3264
3307
3307
0
3257
3215
4571
3328
3226
0
0
3309
0
3312
3273
3313
3313
0
3331
0
3316
0
3313
0
3280
3287
0
4546
3335
3327
3305
3330
3290
0
0
3333
3334
3336
3337
3335
3334
3341
0
0
3326
3343
3344
3346
3348
3319
3351
3352
3381
0
0
0
3364
3357
3358
3357
0
3360
3361
3362
3388
3363
3364
3365
3366
3367
4711
3396
3369
4711
3343
3401
3373
3374
0
3354
3376
3377
3378
3379
3380
3405
3375
3384
3354
3385
3386
3387
3388
3388
3385
3390
3391
3392
3393
3393
3395
0
3379
3401
3401
3403
0
0
3405
3406
3407
3408
3383
3405
3409
3422
3385
3387
3413
3414
3413
3416
3417
3418
3419
3407
3420
3383
3422
3424
3409
3424
3426
3427
3428
3397
3430
3416
3418
0
3433
0
3434
3427
3425
3430
0
3438
3438
3445
0
3441
3444
3447
3456
3447
3449
3448
0
3442
0
0
3451
3450
3453
0
0
3454
3452
2
3462
0
0
3455
3458
3465
3459
3469
1
3482
4928
3473
4937
4927
3474
0
0
0
3472
3466
3498
11
6
3492
3504
0
3483
3480
3
3504
0
3489
3491
3487
3495
3510
0
3494
3502
3506
3472
3501
3491
24
3506
3508
0
3507
3517
0
3495
3515
0
3516
3516
3502
3519
3505
3518
3522
3523
3507
3519
3526
3521
3533
0
3530
3532
3533
3535
3539
3536
3537
3531
3540
3538
3543
3523
3549
3555
0
3546
3527
3544
0
0
0
0
3550
3551
3563
3552
3544
3576
3568
3556
3547
3576
3559
3561
3562
0
0
3565
3553
3565
3557
3550
3569
3560
3582
3573
3574
3564
3558
3558
3571
3578
3582
3580
3571
0
3581
45
3575
3584
3566
3586
3588
3572
3591
3608
3593
3590
3580
3596
3597
3604
3572
3601
3603
3602
3612
3604
3605
3606
3607
3615
3609
3600
3592
3610
3609
3614
3615
3617
3633
0
3618
3619
3622
0
0
3623
3624
3596
0
3627
0
3613
3628
3638
3606
0
4944
3629
0
3635
115
3644
3627
3631
3642
0
3649
3630
3642
3645
3643
0
0
3654
3649
3650
3643
3655
3647
3639
3651
3656
3667
167
3661
4960
3651
3660
3659
3666
3655
0
3662
0
3667
3668
3681
3671
3664
190
0
3674
3670
3675
3680
3677
3678
0
3669
3696
0
0
3683
3685
3690
3698
3687
3688
3689
3697
3690
3682
3692
3694
3693
3693
0
3691
0
3700
3699
3703
3709
3704
0
3707
3730
3701
3730
3708
3767
3705
3722
3723
3704
3713
3727
3722
3726
0
3716
0
3731
3712
3749
3720
3711
3751
0
3732
3713
3707
3709
3719
3709
3704
3742
3751
0
3706
3718
0
0
0
3767
3742
3764
3741
3768
3748
3724
0
0
3739
3729
3721
3750
3752
3788
3706
3773
3773
3745
0
3777
3763
3749
3721
3725
3782
3847
3778
3796
3756
3748
3764
3765
3767
3821
3781
0
3768
3784
3753
3770
3867
3762
3773
3753
0
3745
3776
3725
3777
3763
3783
3817
3784
3762
0
3748
3762
3787
3753
3771
0
3792
0
3783
0
3740
3801
3783
3802
3784
3770
3804
3808
3808
3804
3822
3771
3809
0
3792
3796
3829
3922
3799
3861
3802
3783
3857
3832
3769
3820
3781
3820
3790
3844
3845
3876
3824
3844
3827
3869
3828
3857
0
3857
3833
3861
3820
3802
3837
0
3822
3781
3837
3788
3841
3842
3843
3844
0
3845
3811
0
3850
3849
3851
3852
3832
3851
3884
3836
3798
0
3860
3862
3865
3769
3774
3867
3867
0
0
3825
3910
3870
3830
3971
3882
3778
3871
3847
3853
3873
3882
3874
3911
3855
3843
3894
3867
3881
3908
3790
3858
3802
3884
3886
3887
3885
0
3889
3892
3893
3862
3894
3894
3897
3916
0
3939
3898
3902
3868
3903
3919
3926
3868
3909
3925
3810
0
0
3900
1010
3892
3860
3893
3899
3940
1010
3931
0
3916
3941
3919
3892
3904
3923
3918
3918
1087
1084
3769
3926
3930
3931
3858
0
3893
3839
3893
3825
3898
3959
0
3923
3941
3908
3925
3947
3933
3889
3954
3889
3936
3948
0
3977
3901
4003
3853
3907
3908
3949
3952
3954
3894
3936
0
3897
0
3958
0
0
3952
3981
3988
0
3947
0
3967
3948
0
4004
3972
3908
0
4008
1161
3989
3988
3982
3946
4010
3993
4001
3880
3979
3935
3908
3981
3988
3814
3998
4012
3972
3959
3917
4004
3996
0
4017
3948
3990
4002
3963
4039
3983
4023
4015
3901
3963
4026
4055
4010
4011
4007
3989
3997
0
4024
4025
3976
4063
4031
3960
4025
4024
3931
4026
4013
3996
4046
0
0
4033
4046
3991
3995
4054
4036
3998
0
4020
4018
4029
4044
4023
4078
4045
4063
4034
4035
3987
0
4081
4069
4030
4006
4021
4058
4050
0
4020
4075
4060
1537
4075
4068
0
4047
4034
4067
0
4054
0
4081
4043
0
4087
4088
4092
4090
4089
4096
2136
4094
4097
4106
4098
4098
4104
0
0
4108
4109
4114
0
4105
4113
4095
0
4117
4107
4116
4118
4119
4120
4126
4115
4115
4122
0
2211
2221
4132
0
4134
4127
4130
0
0
4128
4123
0
4139
4143
4158
4138
0
0
4143
4146
4137
0
0
0
4141
4164
4144
4140
0
0
4147
4156
0
4164
4171
4161
4156
4160
0
4174
4166
4163
4169
4149
0
0
0
4172
4175
4176
0
2548
2557
0
4191
4182
4236
4185
4182
4195
4209
4183
4221
4186
0
4188
4184
4216
4190
4180
4208
4208
4194
4196
0
4215
4189
4200
0
4200
4222
4243
4214
4261
4241
0
0
4206
2884
4193
4179
4302
4209
4252
4190
4246
4344
4246
4220
2884
4210
4250
4221
0
4224
0
4224
4227
4219
0
4247
0
4232
4237
4189
0
4216
0
0
4245
4247
4228
4289
0
4251
4239
4311
4238
0
4252
4223
0
0
4257
0
4246
4258
4263
4300
0
0
4263
4301
4263
4305
4292
4424
4272
4239
0
4253
4263
4323
4278
4379
4281
0
4302
4308
4328
4265
4287
4385
4210
4269
0
4270
4320
4279
4333
4255
4310
4282
4299
4301
4375
4265
4264
4306
4304
4429
4310
4313
4334
4312
4270
3072
4314
4318
4482
4312
4293
4265
4297
4230
4541
4344
4257
4328
4355
4304
0
0
4389
4336
4321
4579
4315
4273
0
4294
0
4343
4279
4348
4380
4375
4297
4346
4418
4350
4390
4348
4355
0
4567
4352
4354
4282
4496
4389
4334
4360
4332
4287
4293
4365
4414
4366
4361
4373
4361
0
4417
0
4375
4393
0
4355
4349
0
4327
4419
0
0
4389
0
4403
4440
4440
4361
4363
4361
0
0
4416
0
4472
4361
4410
4411
4373
4413
4412
4361
0
4293
4361
4412
4416
4454
4481
0
0
4378
0
4390
4426
4400
4422
4305
4525
4400
4430
4434
4364
4389
0
4338
4373
4413
4509
0
4475
4446
4323
4361
4527
0
0
4323
4624
4374
4455
4347
4425
0
4457
0
4593
0
4378
4474
4497
4426
4459
4461
4453
4426
4394
0
4465
4469
4474
4548
4400
4467
4329
4508
4398
4446
4410
0
4332
0
0
0
0
4564
4531
4474
0
4415
0
0
0
4267
4391
4497
4496
4632
4498
4523
4547
4470
4502
4469
4506
4443
4554
4332
4530
4485
4362
4473
4535
4454
4542
0
4521
4517
4558
4394
4575
4470
0
4580
4390
4525
4555
4527
4294
4362
4530
0
4600
4594
3344
4635
4543
4577
4633
0
4579
4555
4559
4362
4616
4514
4444
4587
4561
4562
4563
0
0
4561
4620
4518
4515
4624
4675
4681
4799
4599
4568
4286
0
0
4656
4399
4466
4550
4611
4551
0
4584
0
4553
4623
4723
4600
4562
4594
4596
4598
4599
4458
4539
4627
4674
4393
4632
0
4657
4632
4574
4659
0
4613
4582
4579
4640
4531
0
4617
4585
4790
4617
4618
4619
4654
4621
4622
4666
4625
0
4647
4545
4634
4611
4662
4585
0
4667
4724
4620
0
4645
4627
4649
4708
4603
4539
4606
0
4712
3338
0
4633
4557
4574
4545
4545
0
0
4551
4686
4577
4661
4663
4640
4587
4667
4642
0
4669
4670
4671
4721
4590
4673
4566
4651
0
4720
4727
4760
4682
4566
4633
0
0
4686
4658
4636
4620
4745
4586
4692
4641
4537
4693
4694
4695
0
4698
4672
0
4787
4701
4628
4721
0
4677
4762
4754
0
0
4679
4710
4837
4682
4629
0
4656
4714
4716
4723
4685
0
4722
0
4809
4726
4699
4729
4736
4717
4795
4867
4603
4759
4703
4631
4727
4834
0
4807
3338
0
4606
0
4741
4739
4714
4718
0
4768
4748
4729
0
4748
4754
4698
4652
0
4801
4750
4792
4839
4831
4766
4746
0
4772
4725
4767
4772
4771
4773
0
4769
0
4748
0
4766
4780
4781
4794
4750
4729
4785
4786
4780
4795
4788
4597
4878
4662
4758
3370
4746
4832
0
4832
0
4746
4805
4803
4764
4798
0
4776
4783
4773
4775
4771
4772
4745
4822
4717
4850
0
4815
4802
4824
4826
4789
4787
4789
4830
4666
4851
0
4831
4832
4864
4831
4832
4827
4827
3381
4775
4764
4880
4800
4841
4740
4782
4748
0
4775
4817
4858
4871
4804
4828
4816
4828
0
4839
4787
0
4853
0
4844
4857
4868
4805
0
0
4857
4731
4872
4735
4864
4865
0
0
4867
4808
0
4882
4809
4876
4878
4881
4863
4833
4740
4809
4885
4875
4859
0
4870
4865
4870
4890
4889
0
4893
4892
0
4901
4895
0
4899
4893
4902
0
4904
3443
4888
4923
0
4905
4906
4903
4914
4908
4896
4904
4896
0
4907
4912
4917
4914
4921
4915
4915
4930
4915
0
4906
4922
0
4920
4924
4925
0
4931
4932
4925
4926
0
4934
4935
3471
3613
4939
4940
3644
4960
0
4941
4951
3632
4948
4946
4955
4953
4964
4955
4952
4961
4954
3648
4977
0
4966
4971
4963
4950
4959
4962
4977
4976
4957
4970
4979
4964
4968
4980
4996
0
3679
4980
4974
0
4981
4967
4992
5001
4987
4999
4978
4999
0
