3512
0
0
6
8
20
0
10
11
12
0
31
14
15
16
0
18
7
10
23
24
0
0
0
15
27
28
36
29
41
0
27
32
34
24
38
45
37
24
39
39
0
42
43
32
42
46
0
48
3580
49
53
51
47
71
48
54
0
56
57
58
0
58
50
61
63
72
57
0
65
0
0
69
67
62
105
59
73
55
73
68
75
76
111
77
55
79
80
81
82
83
88
85
86
87
107
91
84
93
85
94
95
131
108
108
116
107
106
106
121
101
102
103
104
115
115
107
92
101
110
113
117
128
118
119
0
138
122
140
124
125
126
113
129
130
131
132
133
134
135
121
152
151
139
141
145
143
144
145
146
147
148
149
150
152
154
153
142
158
159
160
161
162
163
164
165
142
167
168
170
171
172
173
174
175
231
176
177
178
179
180
186
182
183
184
156
187
188
189
191
193
194
185
196
197
199
189
200
201
186
202
203
204
205
206
194
208
209
210
211
212
213
214
215
216
216
218
219
220
221
222
223
224
225
226
190
227
228
229
230
232
233
234
235
236
237
238
239
240
241
242
243
244
245
246
247
248
249
250
251
252
253
254
255
231
256
235
258
259
260
261
262
263
198
264
265
266
267
268
269
270
271
273
274
272
276
277
278
279
312
280
281
282
283
284
285
286
287
289
288
290
291
292
293
294
295
297
298
299
300
285
301
302
303
304
305
306
307
308
309
310
311
313
311
315
316
317
318
319
293
321
322
323
324
325
326
327
0
314
328
329
330
331
332
333
334
335
336
337
338
339
296
340
341
342
343
344
345
346
347
348
349
351
352
353
350
350
355
356
357
0
358
360
363
364
365
366
368
296
370
371
372
361
362
375
376
377
378
379
380
381
382
383
0
370
385
354
386
387
388
389
390
391
392
393
403
394
395
396
0
397
398
385
400
373
374
376
414
404
405
406
407
408
411
412
413
415
416
417
418
419
420
387
399
422
401
409
401
426
427
428
399
429
430
431
432
433
434
434
436
437
438
439
440
441
442
0
443
444
445
439
447
479
448
449
450
451
452
453
454
439
0
457
458
441
460
461
462
463
464
465
466
467
468
469
470
471
472
473
474
445
476
477
477
0
456
480
481
482
483
484
486
0
488
489
490
528
491
491
493
494
495
496
497
498
499
501
502
500
503
504
0
0
506
507
508
509
538
510
511
512
508
515
509
516
517
518
519
520
521
522
523
524
485
526
527
0
529
530
505
532
0
534
535
536
537
538
539
539
506
542
543
544
514
565
0
546
547
548
549
550
551
552
553
554
555
556
558
577
581
582
560
561
0
562
563
564
0
566
567
567
569
591
0
570
571
572
573
574
0
575
576
578
579
580
582
583
0
584
585
583
587
588
589
590
592
593
594
595
597
593
599
600
601
602
603
631
604
606
0
631
610
557
0
610
611
612
613
0
599
614
615
616
617
617
599
621
622
623
624
625
626
627
669
628
652
630
607
632
695
583
610
637
639
640
641
594
643
644
617
645
646
647
0
620
650
651
653
654
655
638
0
656
657
679
658
686
646
660
615
615
663
0
665
648
666
690
668
670
672
607
673
674
674
732
676
729
677
678
680
681
682
683
684
665
687
688
667
0
0
708
716
724
692
693
725
764
696
697
0
699
735
700
697
702
704
666
706
703
709
710
712
714
687
715
0
691
689
689
664
648
710
709
694
726
763
729
729
728
797
0
731
734
0
736
703
737
0
739
742
743
740
717
0
721
808
811
743
744
745
746
747
748
671
749
750
694
752
753
745
755
756
784
757
758
759
760
761
761
730
762
763
0
767
0
768
677
707
773
708
0
775
838
777
811
778
779
818
816
781
782
761
761
785
785
787
787
788
789
764
790
0
792
793
794
795
832
796
800
801
0
803
804
809
810
812
0
1000
815
843
853
825
820
786
824
826
796
827
798
799
772
833
771
834
835
836
995
837
840
0
0
0
844
845
1000
846
786
848
849
850
851
856
979
855
830
858
859
860
898
861
862
825
0
831
864
0
0
839
868
869
870
872
873
874
875
809
876
0
878
879
880
848
882
883
884
885
819
887
888
821
889
890
891
983
892
893
894
895
896
897
875
809
996
869
904
905
906
907
908
909
910
878
912
913
914
915
916
917
0
918
919
920
921
922
923
885
913
926
927
928
929
930
931
932
933
934
935
936
937
936
938
939
926
942
943
944
945
946
922
948
935
935
951
952
953
954
956
957
948
935
951
951
0
0
966
967
955
969
970
971
973
886
973
976
977
978
979
980
981
984
985
986
987
982
989
923
1088
992
993
1261
995
995
4012
915
999
1001
1002
1005
1006
1007
964
1008
1009
1010
1011
1012
1013
1135
1015
1016
1017
1018
1020
1021
1023
1024
1026
1027
1028
938
1030
1031
1223
1033
1034
1035
1036
0
1039
958
1040
1041
1042
1043
1042
1045
1046
1047
0
954
1050
1051
0
1041
978
1042
1056
1057
1058
1059
1059
0
886
1064
1065
1066
969
1069
978
1070
1071
1072
1073
1074
1076
1077
1080
1081
1088
1086
1087
1120
0
1090
1201
0
1089
1095
0
1097
1005
1100
996
1103
1097
1105
0
1107
1098
1109
0
1111
1112
1113
1113
1115
0
1116
1117
1118
1119
1002
1121
1122
1124
1102
0
1217
908
1127
1108
1129
1111
1130
1132
1134
1133
1136
1137
1138
1139
1140
1141
1142
1143
1144
1135
1146
1147
1149
1045
1151
921
1152
1153
1036
0
1154
1155
1040
1156
1046
1158
1160
1161
1040
1163
1164
1165
1166
1167
1168
1152
963
1170
1172
1173
1174
1075
1167
0
1059
1064
1180
1181
1183
1184
1185
1107
1187
1188
1209
1189
1172
1190
1191
1192
1193
1194
1082
1195
1083
1198
1199
1189
1202
1203
0
1198
1092
1205
1206
1207
1005
1210
1211
1212
0
1281
4012
1216
1218
1219
1220
1221
1222
0
1140
1225
1226
1227
1228
1229
1230
1231
1232
1233
1234
1246
1237
1238
1152
1240
1159
1302
1242
1242
1243
1244
1245
1247
1248
1075
1175
1315
1241
1184
1253
1254
1251
1255
1256
1258
1198
1260
1071
1194
1264
1265
0
1267
1253
1205
1269
1270
1271
1274
1275
1276
1277
1123
1279
1123
1419
1282
4076
1283
1215
1285
1347
1286
1287
1288
1289
1290
1291
1292
1293
1294
1295
1296
1361
1297
1363
1299
1300
1301
1237
1302
1163
1304
1305
1307
1248
1309
1310
1311
1312
1313
1249
1315
1316
1317
0
1320
1319
0
1321
1322
1323
1324
1325
1326
1198
1328
1323
1330
1194
1332
1333
1272
1335
1336
1337
1338
1339
1340
1340
1281
1398
1346
0
1292
1286
1349
1350
1351
1352
0
1354
1292
1356
1357
1358
1359
1360
1362
1424
1363
1364
1365
1366
1306
1367
1299
1369
1370
1372
1373
1375
1376
1379
1378
1380
1382
1383
1384
1451
1386
1387
0
1388
1389
1390
1391
1392
1332
1394
0
1395
1335
1397
1398
1398
1401
1402
1403
1404
1405
1406
1408
1340
1410
0
1411
1355
1413
1414
1416
1417
1340
1419
1420
0
1423
0
1426
0
1427
1429
1430
1378
1433
1434
1435
1436
1564
1415
1446
1439
1440
1310
1509
1442
0
1443
1444
1445
1377
1385
0
1448
1449
1451
0
1518
1453
1391
1392
0
1457
1332
1335
0
1537
1465
1460
1529
1404
1355
1469
1406
1454
1471
1471
1483
1473
1474
1475
1476
1477
1410
1479
1480
0
1422
1482
1484
1485
1486
1352
1488
1428
1486
1490
1491
1492
1404
1415
1493
1494
1495
1496
1432
1498
1499
1502
1430
1429
1506
1507
0
1440
0
1509
1510
1511
1373
4132
1514
1515
1517
0
1519
1520
0
1518
1523
1524
1450
1521
1450
1526
1527
1528
1529
1412
1391
1531
1532
1533
1534
1538
1462
0
1542
1544
1545
1546
1547
1486
1549
1550
0
1552
1553
1554
1555
1556
1557
1558
1559
1560
1561
1563
0
0
1566
1567
1568
0
1569
1572
1573
1574
1575
1520
1577
1537
1581
1582
1583
1540
1585
1585
0
1589
1590
1591
1592
1593
1594
0
1595
1559
1597
1598
1599
1600
1544
1602
1603
1604
1605
1606
1607
1608
1609
1610
1611
1612
1613
0
1615
1616
1618
1619
1621
1622
1623
1571
1624
1625
1626
1627
1566
1629
1630
1631
1671
1633
1634
1635
1636
1637
1638
1535
1640
1641
1585
1579
1580
1644
1645
1646
1647
1648
1648
1650
1682
1550
1490
1689
1655
1656
1657
1658
1612
1660
1662
1663
1664
1665
1666
1667
1668
1632
1636
1671
1672
1673
1638
1677
1699
1640
1657
1681
1577
1684
1685
1686
1682
1688
1690
1691
1692
1693
1694
0
1696
1638
1699
1700
1701
1704
1706
1707
1690
1709
1650
1711
0
1713
1714
1715
1716
1717
1719
1720
1720
1722
1701
0
0
0
1727
1728
1699
1648
1648
0
1733
1734
1685
1736
1688
1736
1740
1741
1785
1743
1740
1746
1747
1748
1749
1719
1720
1752
1752
1701
0
1755
1756
1758
1759
1760
1736
1762
1763
0
1764
1765
1766
1766
1768
1769
1770
1771
1772
1773
1774
1775
1776
1777
1699
1732
1801
1757
1781
1782
1783
0
1786
1788
1789
1790
1791
1792
1793
1787
1796
1797
1798
1799
1802
1802
0
1803
1794
0
1805
1804
1807
1808
1809
1810
1811
1812
1813
1814
1815
1816
1817
1818
1819
1820
1821
1822
1823
1824
1825
1826
1827
1828
1829
1830
1831
1832
1833
1834
1835
1836
1837
1838
1839
1840
1841
1842
1843
1844
1845
1846
1847
1848
1849
1850
1851
1852
1853
1854
1855
1856
1857
1858
1859
1860
1861
1862
1863
1864
1865
1866
1867
1868
1869
1870
1871
1872
1873
1874
1875
1876
1877
1878
1879
1880
1881
1882
1883
1884
1885
1886
1887
1888
1889
1890
1891
1892
1893
1894
1895
1896
1897
1898
1899
1900
1901
1902
1903
1904
1905
1906
1907
1908
1909
1910
1912
1913
1914
1915
1916
1917
1918
1919
1920
1921
1922
1923
1924
1925
1926
1927
1928
1929
1930
1931
1932
1933
1934
1935
1936
1937
1938
1939
1940
1941
1942
1943
1944
1945
1946
1947
1948
1949
1950
1951
1952
1953
1954
1955
1956
1957
1958
1959
1961
1962
1963
1964
1965
1966
1967
1968
1969
1970
1999
1971
1972
1973
1974
1975
1976
1977
1978
1978
1980
1960
1982
2003
1983
1984
1985
1986
1987
1988
1989
1990
1991
1992
1993
1987
1987
1996
1997
1998
2000
2001
2002
2004
2005
2006
0
2008
2009
2010
2011
0
2012
2013
2014
2015
2016
2017
2018
2019
2020
2021
2022
2023
2025
2025
2026
2027
2028
2029
2030
2031
2032
2033
2034
2035
2036
2037
2038
2039
2040
2040
2042
2043
2044
2045
2046
2047
2048
2049
2050
2051
2052
2053
2054
2055
2056
2057
2058
2059
2050
2062
2063
2064
2065
2066
2067
2068
2069
2070
2071
2072
2073
2074
2076
2077
2078
2061
2079
2080
2081
2082
2066
2084
2085
2086
2087
2088
2075
2090
2090
2112
2061
2092
0
2094
2095
2096
2097
2098
2099
2100
2101
2102
2103
2104
2105
2106
2106
2107
2108
2109
2110
2111
2113
2114
2115
2115
2117
2118
2119
2101
2122
2123
2124
2119
2121
2120
2127
2128
2129
2130
2131
2117
2133
2134
2124
2136
2137
2138
2139
2140
2141
2142
2142
2144
2145
2146
2147
2148
2149
2150
2151
2152
2153
2154
2155
2156
2157
2158
2159
2160
2161
2162
2163
2164
2165
2166
2167
2168
2170
2171
2172
2173
2174
2175
2176
2177
2178
2179
2180
2181
2182
2183
2184
2169
2186
2187
2188
2189
2190
2191
2192
2193
2194
2195
2196
2197
2198
2199
2200
2201
2202
2203
2204
2205
2206
2207
2209
2210
2211
2212
2213
2214
2215
2216
2217
2218
2219
2220
2221
2222
2223
2224
2225
2226
2227
2228
2229
2230
2231
2232
2233
2235
2237
2238
2240
2241
2242
2243
2244
2244
2245
2270
0
2246
2247
2248
2292
2355
2250
2249
2252
2253
2254
2257
0
2256
2258
2259
2260
2261
2262
2263
2264
2265
2257
2341
2268
2243
2272
2261
2274
2275
2306
2278
2294
2277
2280
0
2301
2284
0
2287
2343
2288
2289
2291
2293
2319
2283
2295
2266
2279
2322
2281
2298
2299
2332
2302
2357
2303
2305
2341
2285
2274
2310
2343
0
2307
2307
2315
2317
2320
2317
2325
2323
2323
2327
2357
2328
2352
2329
2330
2299
2334
0
2337
2339
2299
2340
2333
0
2366
0
2343
0
2346
0
2376
2348
2349
2376
2350
2351
2385
0
2353
2355
0
0
2360
2361
0
0
2334
2335
2364
2368
2369
2255
2335
2371
2373
2374
0
2375
2419
2379
2380
2381
2382
2318
2383
2513
2331
2387
0
2388
2389
2363
2397
0
2390
2311
2392
2393
2368
2440
2398
2399
0
2400
2401
0
2399
2367
2405
0
2406
2407
2367
0
2411
2412
2454
2414
2415
2416
2417
2454
2418
2453
2378
2381
2462
2421
2422
2423
2424
2425
2426
2428
2359
2430
2431
2433
2434
2435
2436
2437
2438
2439
2441
2483
2442
2443
2444
2445
2446
2447
2449
2450
0
2449
2454
2455
2499
2458
2459
2460
2418
2461
2463
2460
2465
2466
2467
2469
2470
2471
2472
2387
0
2474
2476
2477
2478
2479
0
2480
2427
0
2482
2483
2484
2440
2441
2487
2403
2489
2529
2491
2492
2500
2496
2497
2498
2499
2501
2502
2503
2504
2505
2506
2507
2508
2509
2510
2508
2512
2513
2513
2514
2515
2516
2467
2517
2518
2519
2520
0
2524
0
2526
2527
2528
2529
2500
2494
2532
2533
2535
2536
2537
2538
2539
2534
2541
2542
2505
2543
2544
2545
0
2514
2553
2554
2588
2584
2556
2557
2558
4236
2522
2584
2560
2561
2522
2564
2565
2566
2567
2568
2569
2570
2572
2548
2571
2542
2574
2575
2548
2577
2578
2580
2581
2582
2583
2547
2586
2585
2588
0
0
2587
0
2590
2562
0
2590
2594
2595
2564
2598
2599
2600
2601
2602
0
2604
2605
2606
2607
0
2534
2636
2609
0
2576
2611
2612
2577
2546
2547
2614
2616
2617
2615
2591
2619
2620
2621
2623
2624
2625
2690
2627
2571
2630
2631
2632
2633
2595
2635
2608
2663
2637
2574
2639
2640
2641
2642
2644
2645
2646
2587
2648
2649
2653
2692
2603
2654
2655
2656
2657
2658
2659
2628
0
2660
2700
2684
2602
2661
2601
2665
2699
2666
2667
2668
2641
2559
0
2671
0
2673
2706
2674
2675
2676
2677
2678
2679
0
2720
2682
2721
2654
2683
2685
2686
2656
2688
2689
2733
2691
2693
2694
2697
2697
2628
2702
2701
2702
2703
0
0
2705
2707
2773
0
2709
2753
2710
2711
2712
2713
2672
2714
2715
2716
2650
2680
2719
0
2722
2723
2724
2656
2726
2727
2655
2729
2730
2731
2732
2695
2734
2735
2736
2737
2739
2740
2742
2743
2694
2702
2744
2708
2745
2746
2747
2748
2784
2751
2752
2717
2672
2755
2711
2757
2758
2759
0
2761
2723
2763
2800
2764
2765
2766
2767
2768
0
2770
2772
2708
2774
2775
0
2777
2778
2779
2780
2781
2782
2784
0
2756
2786
2783
2787
2788
2789
2791
2792
2760
2794
2795
2796
2798
2799
2764
2797
0
2802
2803
2804
2805
0
2807
2808
2840
2731
2812
2813
2814
2778
2816
2818
2817
0
2819
2821
2822
2824
2804
2804
2828
2862
2829
2830
2752
2782
2832
2790
2833
2832
0
0
2835
2836
2838
2834
2839
2842
2843
2844
2845
2846
2847
2812
2849
2850
2852
2853
2854
2855
2856
2858
2859
2755
2860
2823
0
2862
2865
2866
2867
2868
2920
2878
0
2871
2872
2873
2875
2877
2797
2879
2880
2881
0
0
2888
2885
2886
2740
2891
2892
2853
2894
2895
2896
2897
2898
2899
0
2900
2901
2902
2903
2906
2857
2825
2861
2906
2858
2860
2864
2909
2911
2865
2914
2915
2916
2917
2918
2921
2922
0
2923
2924
2925
2926
2927
2928
2930
2932
2890
2884
2934
2935
2937
2887
2888
2941
2942
2943
2945
2965
2869
2947
3055
2952
2861
2952
2951
2953
2869
2954
2825
2958
2959
2960
2968
2860
2961
2962
2963
3018
2964
3019
2967
2874
3024
3027
2971
2933
2929
2973
2974
2975
2929
2978
2809
2985
2980
0
2982
2983
2894
3033
2986
2934
3053
2989
2990
2996
2991
2993
2994
2949
2997
2998
2999
3052
3000
2996
3002
2944
2895
3004
0
0
0
3006
3007
3009
2954
3011
2911
3013
3014
3015
3016
3017
0
3020
3086
3087
3023
3043
3076
3026
3085
3028
3079
2970
3030
3031
0
2985
3036
3054
0
3037
3038
2976
3040
3044
3042
0
2984
3045
3179
3104
3047
3048
3048
2992
3050
3055
3051
3070
3056
3061
3065
2999
3061
3065
0
3064
3067
3068
3014
3020
3071
3072
3073
3074
3016
0
3077
0
3021
3080
3090
3034
3091
3084
3032
3092
3031
2988
3096
0
3097
3098
3099
3042
3101
3095
3037
2974
3105
3106
3107
3108
3109
3042
3088
3103
3114
3115
3106
3127
2983
3122
3123
3124
3125
3126
3134
3062
3045
3129
3057
3130
3132
2967
0
3142
3144
3146
0
3211
3155
3148
3058
3149
3150
3151
3152
3153
3155
3156
3079
3158
3083
0
3231
3052
3084
3167
3167
0
3229
3234
3093
3042
3046
3174
3171
3171
2983
3242
3242
3107
3181
3070
3184
3186
3111
3187
3237
3189
3129
3136
3183
3060
3196
3196
3198
3199
3186
3139
3061
3192
3060
0
3206
3139
3208
3209
3022
3151
3143
3258
0
3213
3163
3299
3215
3219
3216
3144
3217
3278
3218
3273
3220
3221
3222
3223
3224
3226
3228
3168
3166
3230
0
3232
0
3287
3235
3236
3389
3237
3095
3105
3240
3241
3184
3244
3245
3246
3247
3184
3249
3250
3189
3253
3254
3311
3257
0
3258
3205
0
3206
3261
3257
3263
3264
3270
3212
3212
3208
3216
3266
3267
3259
3143
3228
3221
3275
3151
3277
3224
3280
3161
3282
3233
3284
3285
3286
3289
3290
3291
3241
3235
3296
3297
3304
3189
3353
3300
3297
3304
3264
3306
3212
3266
3308
0
3310
3362
3255
3311
3308
3313
3315
3366
3316
3317
3314
3319
3321
3322
3323
3322
3226
0
3328
3325
3331
3332
3224
3280
3280
3226
3337
3338
3368
3331
3341
3342
3342
3346
3346
3347
3284
3235
4592
3350
3351
3353
3353
0
3302
3354
3308
3301
3301
0
3373
0
3358
3359
3301
3363
3361
3316
0
4574
3329
3388
3343
3372
3322
3375
3376
0
3379
0
3380
3329
3379
0
3384
3387
3389
3390
3391
3417
3419
3395
3393
3397
3429
0
0
0
3412
3403
3404
3403
3378
3406
3407
3408
3409
3410
3412
3413
3414
3386
3416
3446
3415
3416
3390
3418
3420
0
0
3422
3424
3425
3426
3427
3428
3431
3433
3434
3422
3435
3436
3437
3409
3409
3435
3440
3441
3442
3443
3443
3445
3447
3427
3418
3418
3452
3451
3453
3431
3455
3456
3457
3458
3431
3460
3461
3435
3437
3466
3465
3466
3462
0
3468
3469
3456
3471
3458
3461
3473
3460
3473
3477
3485
3479
3480
3478
3462
3468
3482
3483
3482
3484
3485
3476
3478
3488
3489
3489
3493
4904
3501
3494
3496
3502
3496
3499
3495
3500
3492
3505
3503
3507
3504
3497
3506
3508
0
0
3509
3513
3510
2
0
3515
0
3516
3517
1
3535
3520
3519
3524
0
3528
3508
0
3530
3541
0
0
9
0
3538
3539
3553
3532
3525
3533
3539
0
3529
3543
0
3557
3555
0
3537
3563
3551
3541
3567
3543
23
3551
0
0
3554
3564
0
3557
3542
0
3560
3560
3563
3566
3578
3561
3552
3583
3554
3566
0
3579
3584
0
3572
3575
3584
3576
3558
3577
3598
3589
0
0
3582
3583
3585
0
3586
3587
3573
3595
3588
3590
0
0
3600
3599
3594
3610
3595
3596
3608
3593
3581
3596
3603
3621
0
0
3606
0
3591
0
3609
3600
3618
3604
3614
0
3629
3617
3602
3602
3620
3619
3614
3616
3620
3622
3633
57
3625
3626
3605
3627
3647
3637
3630
3641
3631
0
3616
3643
3635
3644
3637
3638
3634
3640
3654
3644
3639
3670
3646
3645
3657
3632
3651
3652
3657
3656
3645
3658
3663
0
3660
3661
3664
0
0
3666
0
3643
3662
3668
4955
3655
3669
3673
3670
3665
4954
3682
0
3679
109
3686
3668
3681
3678
0
3689
3680
3678
3696
3683
0
3688
3690
3689
3693
3683
3704
3687
3695
3698
0
3707
169
3703
3701
3698
0
3699
0
3704
192
3700
3721
3707
0
3723
3719
3702
0
3709
3716
3712
3720
3725
3727
0
3721
3711
3729
0
3733
3726
3717
3736
0
3732
3734
3724
3739
3736
3738
3740
3742
3741
3741
3745
3746
0
3743
3747
3750
0
3751
0
3763
3749
0
3749
3754
3789
3773
0
3771
3751
3783
0
0
0
3765
0
3823
0
3758
3792
3804
3774
3809
3759
3764
3783
3763
0
3752
0
3751
0
3809
3775
3753
3756
3755
3779
3755
3789
0
3825
3760
3817
3824
3770
3797
3799
3787
3778
3802
3806
0
3777
3753
3811
3811
3835
3822
3841
3813
3792
3802
3800
0
3869
3839
3855
0
3824
3825
3788
3789
3826
3827
3805
3817
3816
3834
3794
3831
3832
3811
3834
0
3835
3836
3800
3841
3813
3793
3846
3816
3832
3874
3824
3832
3849
3834
3830
0
3852
0
3793
0
3791
3890
3793
3859
3816
3794
3819
3865
3865
3819
3897
3830
3838
3868
3852
3855
3870
3908
3872
3918
3859
3793
3863
3887
3796
3873
3827
3873
3923
3899
3877
3933
3879
3899
3881
3882
3883
3863
3860
3863
3889
3918
3873
3859
3893
3874
3897
3827
3893
3777
3837
3876
3955
3899
3901
3877
3880
3868
3885
3940
3886
3911
3887
3886
3913
3915
3843
3917
3931
3919
3932
3796
0
3831
3831
3957
3935
3954
0
4054
3884
3925
3942
3839
3926
3869
3909
0
3942
4016
3916
3946
3955
3951
3831
3939
3943
3923
3914
3859
3913
3947
3948
3930
0
3949
3971
3950
3919
3951
3951
4062
3976
3956
3938
0
3998
3924
3961
0
3963
3924
3966
3984
3858
3987
3987
3958
3970
3971
3931
3950
3973
3974
3970
4050
1093
3976
4010
0
3971
3962
4013
3979
3979
1074
1070
3796
3963
3985
4050
3914
3990
3950
0
3950
3954
0
4022
3977
4013
4010
3943
3984
4004
4040
3949
3992
3949
3991
3959
1075
4036
4026
4027
3909
3929
3943
4014
0
3992
3951
3991
0
4062
1075
3937
4024
0
0
4002
4039
4031
4004
4034
3953
3959
4077
4055
0
3943
4030
4069
1148
4042
4039
4092
4041
4043
4020
4044
4018
3972
0
3943
4002
4039
4005
4113
0
0
4022
4021
4055
4067
4048
0
3959
4061
4088
4089
4105
1262
4075
4086
4026
4089
4125
0
4043
0
4057
4042
4038
0
4071
4090
4081
4120
1381
4083
4090
4071
4050
4125
4065
4067
4095
4094
4094
4098
4095
4096
4091
4068
0
4113
0
4100
4082
4130
4131
4075
4110
4108
4120
4112
4097
4066
0
0
4103
4118
4119
4117
4133
4070
0
4100
4128
0
1525
4128
1447
0
4122
4112
4137
0
4068
0
0
4106
0
4143
4146
4147
4148
4149
4150
4151
4153
4154
4155
4157
4157
4158
0
4161
0
4163
4164
4165
4166
4168
2149
4170
4173
0
4175
4162
4177
0
4176
4180
4180
0
4171
4183
2236
4174
0
4197
0
4192
0
0
4191
0
0
4193
4202
4199
4196
0
0
4202
4190
4208
4205
4207
4215
4212
0
4200
0
4210
4210
4198
4214
4209
0
4217
4219
4214
0
4223
0
4221
4220
4228
4216
4230
4213
4213
4235
2475
2549
0
2550
4236
4249
4266
4243
4272
4258
4243
4246
4273
4265
4350
4248
4249
0
4245
4241
0
0
4254
4254
4244
4253
4247
4285
4259
4261
4260
4261
4263
4288
4287
4279
4281
4239
4292
4268
2875
4271
4242
4341
4273
4252
0
4283
4275
4283
4274
2875
4257
0
4350
4286
4282
4277
4282
4290
4348
0
4267
4269
4284
4335
4259
4312
4241
4403
0
4295
4267
4327
2977
4306
4353
0
4333
4276
4336
4252
4314
4420
4286
4319
4321
4283
4340
4320
4289
0
0
4320
3119
4320
4345
4356
4480
4328
0
4374
4315
4320
4519
4338
4303
4323
0
4341
0
4408
4347
4346
0
4257
4365
0
0
0
4339
4330
4331
4322
4376
4423
3119
4325
4347
4324
0
4344
4410
4322
4334
0
4373
0
4367
4369
4371
0
4373
4358
4347
4357
4293
4526
4275
4319
4408
4405
4344
4411
0
4380
4308
0
0
4291
0
4389
4337
4425
4587
4339
4394
4361
4325
4357
4399
4402
4400
4407
4394
4405
0
0
0
4406
4376
0
4380
0
4470
4384
4346
4358
0
4398
4396
4393
0
4393
0
4454
4425
4325
0
0
4405
4449
0
4528
0
4412
4432
4380
4301
0
0
0
4393
0
4393
4414
4439
4438
4416
4561
4393
4443
4444
0
4471
4450
4393
4491
4358
4393
4450
4438
0
4397
0
4446
4452
4428
4407
4493
4415
4456
4345
4462
4415
0
4436
4418
4380
4414
4372
0
4471
0
0
4477
0
4519
4393
0
4712
0
4519
4482
4544
4496
4488
4489
4522
4453
0
4492
4559
4452
4476
0
4493
4500
4497
4484
4493
4501
0
4537
4502
4476
4555
4415
4503
4383
0
4429
0
4443
4474
4384
4439
0
0
4446
4516
4517
4476
4541
4520
4529
3238
4455
4329
4525
0
0
4613
4530
0
0
4506
4532
4502
4511
4577
0
4384
0
4539
4563
0
0
0
4524
4529
4543
4550
4567
4501
0
4506
0
4556
4407
4462
4533
0
4337
4563
0
4568
0
4636
3391
0
4573
4597
4642
4598
0
4533
4549
4563
0
0
4515
4677
4583
4564
4560
4541
4491
4583
4584
4487
4545
4482
0
4640
0
4606
4661
4459
4704
0
0
4413
4463
4593
4599
4668
4579
4600
0
4542
4635
4678
0
4564
4636
4604
4589
4606
4485
4657
0
4684
0
4613
4670
4700
4613
4619
4557
4620
4681
4622
0
4623
4517
4676
4624
4565
4706
4624
0
0
4665
4632
4689
4637
4691
4611
4696
4618
4643
4599
4737
4565
0
4650
4601
4584
0
4605
0
0
0
4588
4657
4609
4659
0
3367
0
4642
4603
4619
4618
4618
0
0
4668
4702
4597
4648
4675
4623
4677
4650
4685
0
4686
4687
4688
4771
4653
4639
4608
4692
4704
0
0
4719
4698
4608
4642
4701
4701
4702
4669
4596
4584
4732
0
0
4705
4631
4707
4679
4652
4709
4739
4711
0
4852
4710
0
4771
4712
4715
4716
4752
4664
4746
4695
4720
4777
4698
4641
4694
0
4790
4703
4678
4817
4730
4731
4676
4721
4734
4745
4740
4846
4729
4776
4863
4588
4775
0
0
0
0
0
4755
3367
4667
4609
4730
4760
4575
4790
0
4676
4763
4735
4740
4680
4735
4752
4739
4660
0
4770
4774
4789
4879
4850
4818
0
4783
4757
4733
4787
4757
4792
4793
0
0
4813
4735
4794
4818
4769
0
4797
4774
4740
4799
0
4769
4776
4773
4802
4829
4737
0
3448
0
4807
4839
4807
4809
0
4724
4814
4837
4838
4872
4816
4800
4793
4626
4792
4757
4732
4862
4729
4851
0
4826
0
4821
4832
4825
4852
4825
4830
4637
4798
4872
4850
4807
4878
4850
4807
4834
4834
3429
4626
4837
4865
4761
4842
4869
0
4735
0
4626
4874
4845
0
4843
4885
4828
4885
4857
4879
4852
0
4860
0
4867
4870
4810
4724
4858
4866
4870
4805
4895
0
4878
4900
0
4887
4863
4882
4872
4884
4721
4873
4829
0
4859
4891
4869
4721
4880
4886
4897
0
4899
4900
4899
4902
0
4904
4907
4906
0
0
0
4910
0
4907
4913
4905
4916
3491
4911
0
0
4936
4925
4908
4927
4912
4917
4916
4917
4920
4922
4926
4921
4927
4941
0
0
4933
0
4942
4925
4938
0
4929
4937
4935
4943
4939
4940
4935
3531
3540
4945
4948
3518
3655
3675
4950
3686
3701
4955
0
4956
3677
4957
0
4953
4958
0
4953
4976
3694
4964
4952
4975
4971
4973
4970
4980
4963
4960
4972
4975
4961
4983
4969
4978
0
4962
4995
4996
4988
4989
4995
4998
4979
4993
4990
3731
4986
4965
5000
4982
5000
0
