4
3499
1
1
4
5
0
6
8
3513
10
11
12
0
3
16
17
0
19
0
20
20
0
21
22
0
16
26
27
29
31
14
33
22
34
47
28
38
36
40
0
30
43
44
33
37
0
56
60
51
67
53
60
52
54
84
80
61
63
82
63
0
78
55
0
72
84
66
77
76
68
57
69
74
74
86
79
0
84
92
90
91
93
94
0
96
98
97
95
0
0
102
119
103
0
0
99
0
0
112
119
113
114
105
115
0
129
101
106
120
122
87
107
123
121
117
109
124
126
127
0
142
130
0
132
133
134
123
125
135
136
0
138
139
140
141
142
0
128
145
0
146
159
149
150
148
151
152
153
154
155
144
143
158
157
132
189
159
161
181
162
163
164
166
167
160
159
170
165
3677
171
172
173
174
175
176
178
179
180
182
183
184
185
186
188
197
204
190
191
192
193
194
0
195
196
197
198
199
267
200
202
203
205
206
207
208
209
196
211
212
213
214
215
233
216
217
218
218
221
222
223
224
225
226
227
228
229
230
231
232
235
177
234
236
237
238
239
240
241
242
243
244
245
246
247
248
249
250
251
252
253
285
254
255
256
257
259
238
261
262
263
264
265
266
268
269
270
271
272
273
274
276
277
278
279
0
280
281
282
283
284
286
287
288
289
303
290
291
292
0
293
295
296
297
275
298
341
299
300
301
302
304
305
294
306
307
308
309
311
312
330
313
314
315
331
317
318
319
320
321
323
324
322
326
327
310
328
329
332
333
334
335
336
338
340
342
343
345
346
347
350
351
352
353
354
355
356
357
339
358
363
360
361
362
364
365
366
367
369
369
349
379
380
370
371
372
337
373
0
341
376
0
378
406
407
381
382
359
384
385
386
375
387
388
364
368
391
377
392
393
394
395
396
397
398
399
400
402
403
424
405
426
382
401
410
411
412
413
414
427
426
415
416
417
409
418
419
420
421
422
423
424
425
0
0
0
429
430
431
433
434
435
436
437
438
438
440
455
443
432
0
446
447
449
450
451
432
454
457
458
459
460
461
462
463
453
487
464
465
491
467
468
466
469
470
471
472
473
475
476
477
478
479
480
481
451
483
452
452
456
0
489
490
492
493
496
497
472
499
500
501
504
504
498
505
506
507
508
509
510
513
511
512
514
515
0
518
519
0
521
523
524
525
0
526
527
528
529
530
531
532
533
534
535
503
535
537
538
502
540
541
0
542
542
545
546
567
547
522
549
549
518
552
553
554
556
557
558
559
560
561
562
563
564
565
566
569
570
571
568
574
575
577
578
579
582
583
584
584
520
591
592
593
594
595
597
598
599
601
602
603
572
605
606
608
609
606
611
612
613
618
588
581
614
664
616
617
587
614
637
619
620
621
622
600
623
625
702
612
612
629
633
634
635
638
639
640
641
641
637
644
672
646
647
648
649
650
651
653
654
655
656
679
625
0
618
629
627
0
662
660
663
664
665
666
667
669
0
696
0
673
674
675
677
678
0
685
681
0
669
690
639
639
693
670
695
697
698
699
652
700
774
701
661
704
704
706
682
687
707
732
709
710
712
713
0
715
711
718
719
716
721
722
723
746
657
726
728
0
727
0
728
708
735
729
697
733
734
766
736
738
0
739
759
0
740
720
741
719
670
696
802
738
736
745
747
724
0
750
748
792
754
751
0
755
0
757
758
759
0
763
0
737
762
769
781
771
772
773
775
776
746
778
0
781
782
783
785
786
787
788
789
793
725
794
795
753
797
798
682
0
878
854
800
761
764
761
0
834
806
808
810
811
789
784
813
815
817
818
819
821
0
823
824
825
826
828
0
831
852
914
829
828
832
833
854
761
766
768
0
0
805
839
0
0
840
809
815
807
868
843
911
851
817
845
846
847
848
831
851
871
853
827
830
855
0
856
858
857
859
860
805
0
804
863
820
864
0
903
866
867
869
844
0
847
872
873
871
874
875
850
877
0
882
885
880
857
836
0
891
886
886
893
895
896
924
841
0
900
901
902
903
905
906
981
908
1070
909
910
912
0
915
884
918
919
920
921
923
876
924
0
0
859
891
930
931
932
925
898
934
935
900
937
939
938
940
0
0
929
943
904
945
946
947
908
939
962
941
951
0
952
953
954
955
956
957
958
959
960
961
962
962
963
964
965
966
967
946
969
957
957
972
973
974
1055
975
976
977
1045
969
957
972
972
1176
1014
0
983
984
975
986
987
3943
3943
988
907
0
991
1178
1061
913
993
994
0
0
996
997
998
999
1000
1001
947
0
1004
1005
0
887
927
1006
940
942
894
1009
1010
925
925
1011
0
1013
1015
1016
1017
1018
1019
1020
1021
1022
1023
1024
1059
945
1026
1027
1028
0
1029
1021
1031
1032
1033
960
1035
1037
1038
1039
1040
1041
1042
0
1055
1044
1046
1047
1048
1049
1048
1051
1052
1053
1052
1055
1056
1057
1045
0
1047
1061
1063
985
1064
1065
0
1065
1067
1176
0
1072
1073
986
1048
1076
1078
1272
1079
1080
1081
3985
1083
1084
1061
3980
1086
1087
1204
1088
0
1086
1090
0
1089
1097
1095
862
1100
0
1097
1098
1097
1102
1130
1011
1104
0
1226
1107
1102
1109
1133
1111
1131
1113
1112
1115
1116
1119
0
1120
1121
1122
1123
1124
1092
1126
1127
1286
1224
0
898
1236
1131
1132
1134
1135
1136
1147
1137
1030
1139
1140
1141
1142
1143
1144
1145
1146
0
1148
1149
1150
3990
1151
1051
1153
1156
1157
1160
0
1161
1052
1164
1165
1166
1167
1046
1169
1170
1171
1172
1173
1174
1156
1177
0
1179
1180
1181
1259
1173
986
1065
1071
1187
1188
1272
1091
1190
1192
1111
1194
1195
1197
1199
1200
1201
1202
1203
1205
1205
0
1208
1209
1197
1211
1212
1213
1208
1216
1217
1218
1011
1196
1221
1222
1223
1224
1106
1353
1227
1012
1229
1230
1231
1232
1233
0
1143
1237
1238
1239
1240
1241
1242
1243
1244
1245
1246
0
1046
1247
1249
1156
1250
1253
1254
1255
1256
1257
1248
1154
0
1182
0
1261
1190
1263
1264
1265
1266
0
1268
1208
1270
1271
0
1203
1274
1275
1206
0
1263
1277
1278
1279
1343
1217
1282
1283
1284
1285
1286
1287
1286
1225
1416
1290
0
1291
1293
1294
1295
1296
1297
1298
1299
1300
1301
1302
1303
1304
1293
1306
1307
1308
1251
1169
1313
1315
1374
1316
0
1317
1318
1319
1320
1321
1182
1260
1324
1327
0
1328
1326
1330
1331
1332
1333
1334
1335
1208
1337
1200
1340
1203
1342
0
1343
1344
1345
1281
1346
1347
1348
1348
1225
1416
1352
1290
1354
0
1293
1358
1359
1360
1361
0
1362
1418
1363
1364
1365
1366
1367
4052
1368
1370
1371
1372
1373
1375
0
1377
1378
1165
1380
1381
1382
1383
1384
1386
1387
1388
1389
1451
1390
1391
1392
0
1393
1394
1396
1397
1398
1399
1400
1342
1402
1404
1344
1406
1351
1351
0
1408
1409
1527
1410
1541
1412
0
1413
1348
1415
1417
0
1471
1419
1420
1421
1422
1348
1289
1425
1429
1426
1428
1369
0
1427
1431
1490
1432
1433
1387
0
1436
1437
1438
1439
1374
0
1442
1443
1318
1446
1447
1448
1449
1385
4097
0
0
1452
1453
1455
1457
1458
1400
1460
1461
1461
1342
1467
1464
1465
1351
1351
1466
1467
0
0
1473
1533
1475
1461
1477
1478
1479
1434
1481
1415
1482
1483
1426
1484
1474
1485
1486
1487
1361
1489
1487
1492
0
1493
1497
1498
1499
1500
1412
1502
1503
0
1504
1505
1420
1432
0
1510
1450
1443
1445
1514
0
1515
1381
1517
1518
4097
1519
1456
1520
1521
1454
1456
1524
1525
4102
0
1529
1530
1468
1458
1534
1535
1536
0
1638
1351
1539
1540
0
0
1542
1543
1474
1476
1544
1545
1546
1487
1548
1549
1653
1585
1551
1552
1553
1496
1554
1555
1556
1501
1557
1566
1558
1379
1509
1561
1562
1563
1565
1566
1567
1568
1569
1570
1571
1521
1538
1539
1643
1577
1576
1578
1579
1581
1582
1582
1576
0
1588
1589
1590
1591
1592
1593
1594
1556
1596
1597
1598
1599
1476
1602
1603
1605
1606
0
1607
1609
1610
1612
1613
1614
1615
1616
1617
1618
1619
1620
1604
1611
1621
1622
1623
1624
1625
1626
1627
1561
1629
1630
1631
1632
1633
0
1634
1635
1636
1637
1638
1639
1640
1582
1538
1644
1645
1646
1647
1648
1648
1649
1643
1549
1492
1654
1655
1656
1657
1650
1614
1659
1660
1661
1662
1664
1665
1666
1780
1667
1632
1635
1608
1671
1672
1637
1608
1582
1676
1676
1639
1657
1678
1586
1538
1682
1683
1684
1686
1687
1688
1689
1663
1690
1691
1692
1756
1694
1637
1678
1696
1697
1718
1678
1696
0
1697
1700
1701
1689
1703
1649
1705
0
1707
1708
1709
1710
1711
1637
1713
1715
1715
1717
1718
1678
0
1719
1722
1723
1696
0
1648
1748
1725
1741
1683
1727
1706
1687
1727
1731
0
1731
1733
0
1710
1734
1735
1714
1738
1713
1715
1739
1739
1718
1745
1747
1772
1750
1728
1752
1727
1754
0
1755
1757
1758
1758
1760
1761
1762
1763
1764
1765
1766
1767
1768
1769
1696
1748
1772
1773
1774
1775
1776
1777
1779
1781
1782
1783
1785
1786
1788
1789
1790
1777
1792
1793
1794
1795
1772
0
1796
1787
1800
1801
1800
1803
1811
1804
1805
1806
1807
1808
1809
1810
1812
1813
1814
1815
1816
1817
1818
1819
1820
1821
1822
1823
1824
1825
1826
1827
1828
1829
1830
1831
1832
1833
1834
1835
1836
1837
1838
1839
1840
1841
1842
1843
1844
1845
1846
1847
1848
1849
1850
1851
1852
1853
1854
1855
1856
1857
1858
1859
1860
1861
1862
1863
1864
1865
1866
1867
1868
1869
1870
1871
1872
1873
1874
1875
1876
1877
1878
1879
1880
1881
1882
1883
1884
1885
1886
1887
1888
1889
1890
1891
1892
1893
1894
1895
1896
1897
1898
1899
1900
1901
1902
1903
1904
1905
1906
0
1907
1908
1909
1910
1911
1912
1913
1914
1915
1916
1917
1918
1919
1920
1921
1922
1923
1924
1925
1926
1927
1928
1929
1930
1931
1932
1933
1934
1935
1936
1937
1938
1939
1940
1941
1942
1943
1944
1945
1946
1947
1948
1949
1950
1951
1952
1953
1954
1955
1956
1957
1958
1959
1960
1961
1962
1963
1964
1965
1967
1968
1969
1970
1971
1972
1973
1974
1974
1976
1955
1978
1979
1980
1981
1982
1983
1984
1985
1986
1987
1988
1989
1983
1983
1992
1993
1994
1966
1996
1997
1998
1999
2000
2001
2002
2001
2004
2005
2006
2007
2009
2010
2011
2012
2013
2014
2015
2016
2017
2018
2019
2020
2020
2022
2023
2024
2025
2026
2027
2028
2029
2030
2031
2032
2033
2034
2035
2036
2037
2037
2039
2040
2041
2042
2043
2044
2045
2046
2047
2048
2049
2050
2051
2052
2053
2054
2055
2056
2047
2058
2059
2060
2061
2062
2063
2064
2065
2066
2067
2068
2069
2070
2071
2072
2073
2074
2075
2076
2077
2078
2079
2063
2081
2082
2083
2084
2085
2072
2087
2088
2090
2058
2092
2093
2094
2095
2096
2097
2098
2100
2101
2102
2103
2104
2105
2106
2107
2108
2109
2110
2099
2112
2113
2114
2114
2116
2117
2118
2119
2123
2120
2121
2122
2118
2124
2125
2126
2127
2128
2129
2116
2131
2132
2122
2134
2135
2136
2137
2138
2139
2140
2140
2142
2143
2144
2145
2146
4126
2147
2148
2149
2150
2151
2152
2153
2154
2155
2156
2157
2158
2159
2160
2161
2162
2163
2164
2165
2181
2166
2167
2168
2169
2170
2171
2172
2173
2174
2175
2176
2177
2178
2179
2180
2181
2182
2183
2184
2185
2186
2187
2188
2189
2190
2191
2192
2193
2194
2195
2196
2197
2198
2199
2200
2201
2202
2203
2204
2205
2206
2207
2208
2209
2210
2211
2212
2213
2214
2215
2216
2217
2218
2244
2219
2220
2222
2223
2224
2225
2226
2227
2228
2229
0
2230
4153
2231
2232
2222
2234
2233
2236
2238
2239
2240
2243
0
2245
2248
2247
2248
2249
2250
0
2253
2254
2252
2263
2255
2256
2257
2258
2259
2260
2261
0
2262
2284
0
2237
2239
2270
2257
2273
2246
2250
2276
2277
2251
2279
2280
2281
2349
2283
2308
0
2285
2287
2286
2246
2290
2289
2291
2275
2293
0
2296
2294
2333
0
2299
2301
2303
2253
4190
2307
2313
0
2273
2310
2305
2313
2316
2315
2317
2290
2295
2355
0
2319
2295
2322
2323
2323
2325
0
2327
2330
0
2332
2353
2334
2341
2335
2361
2280
2338
2300
2339
2340
2265
2308
2312
0
2307
2345
2346
2347
2348
2351
0
2329
2354
0
2356
2357
2302
0
2386
2359
2360
2361
2389
2365
0
2368
2366
2369
2370
2368
2374
0
2375
2376
2377
2344
2349
2420
2378
2379
2381
2382
2425
2383
0
2353
2384
2387
2388
2392
2305
2394
2395
2369
2401
2360
2390
2397
2403
2372
2399
0
2451
2403
2405
2407
2409
2366
0
2411
2412
2413
2405
2415
0
2416
2417
2419
2380
2420
2422
2423
2424
2426
2428
2429
2488
2431
2386
2433
2434
2489
2435
2436
2437
0
2439
2440
2441
2442
2443
2445
2446
2447
2449
2450
2452
2366
2453
2455
2380
2410
2459
2414
2462
2414
2453
2464
2465
2466
2468
2421
2470
2466
2472
2473
2474
2474
2475
2476
2477
2478
2384
2480
2481
2482
2484
2485
2486
2487
0
2491
2444
2493
2442
2443
2495
2451
2497
2450
2498
2499
2500
2536
2186
2501
2454
2502
2463
2504
2549
0
2507
2508
2509
2510
2511
2512
2513
2514
2512
2516
2483
2518
2519
2520
2522
2523
2524
2525
2526
2527
2520
2529
2524
2531
2532
2533
2534
2504
2536
2537
2538
2544
2579
2540
2506
2542
2543
2544
2545
2546
2547
2548
0
2554
2550
2575
4204
4206
2483
2550
2552
2553
2514
2555
2556
0
2559
2561
2563
2564
2564
2562
2566
2567
2570
2571
2572
2573
2576
2574
2546
2578
2580
2581
2583
2584
0
2585
2586
2587
2588
2551
2590
2592
2657
2594
2605
2597
2601
2569
2597
2599
2600
2601
2562
2604
0
2607
2608
2609
2661
2610
2611
2615
2612
2613
2616
2617
2618
2619
2583
2623
2626
2624
2625
2601
2602
2629
2630
0
2640
2632
2633
2661
2636
2631
0
2638
2639
2641
2642
2609
2645
2614
2647
2578
2649
2650
2651
2652
2714
2654
2655
2656
2657
2658
2659
2557
2628
0
0
2662
2663
2664
2665
2666
2668
0
2671
2640
2646
2608
2675
2677
2673
2678
2651
0
2681
2682
2683
2684
2686
2687
2688
2689
2690
0
2557
0
2693
2670
2694
2695
2664
2697
2698
2667
2700
2709
2702
2703
2704
0
2705
2631
2676
2669
2710
2680
2711
0
2715
2716
0
2757
2717
2721
2722
2723
2724
2725
2726
2728
2729
2557
2731
2691
2660
2733
2734
2735
2664
2737
2738
2663
2740
2741
2742
2743
2699
2745
2746
2747
2748
2714
2749
2751
2757
2753
2754
2756
2789
2758
2759
2760
2719
2828
2763
2764
2765
2682
2727
2801
2767
2768
2769
2770
2771
2734
2774
2775
2777
2778
2780
2781
0
2783
2757
2784
2718
2786
2787
2788
2790
2791
2792
2793
2794
2796
2799
2720
2727
2798
2800
2802
2803
2845
2805
2806
2770
2772
2808
2809
2814
2810
2811
2812
2775
2816
2817
2818
2819
2895
2820
2779
2896
0
2742
2823
2824
2867
2791
2826
2795
0
2830
0
2831
0
2834
2833
2914
2818
2818
2837
2840
2841
2764
2844
2846
2848
2850
2851
0
2853
2854
2821
2856
2857
2858
2859
2860
2861
2862
2823
2822
2864
2823
2865
2866
0
2868
2869
2913
2871
2872
2874
2915
2838
2838
2877
2878
2879
2880
2881
2884
2977
2885
2886
2887
2888
4256
2849
2891
2883
2890
2892
2893
2896
2940
2898
2897
2894
2948
0
2751
2942
4238
2900
2866
2950
2903
2902
2904
2905
2906
2909
2910
2911
2912
2907
2913
2873
2871
2874
2919
2831
2921
2987
2878
2923
2925
2926
2927
2928
0
2882
0
2931
2932
2889
2933
2935
2936
2937
2941
2939
2940
2938
2980
2944
0
0
2946
0
2993
0
2951
0
3002
3015
2953
2884
2956
2914
3003
2915
3010
2959
3014
3013
2914
2962
2873
2964
2965
2966
3026
2970
2971
2972
2930
2926
2974
2967
2975
3038
2979
2980
2983
2984
3050
3049
2981
2985
0
2990
2982
3046
2992
3055
2989
2994
2944
2996
0
2999
0
3001
0
3070
3002
3000
3004
2952
3005
3007
3003
3011
2903
3012
3010
3040
3016
2965
3018
3013
3021
3022
3023
3024
3025
3027
3028
3138
2973
3029
3036
3139
3032
3033
0
3035
0
3155
0
0
3093
3097
3041
0
3043
3044
3047
3048
3049
3051
3109
3054
2947
2991
3056
2998
3057
3060
3060
3063
3065
3162
4331
0
3008
3067
0
3069
0
3123
3017
3129
3005
3077
3075
3077
2916
3079
3024
3066
3031
3083
3084
3085
3027
3091
3087
0
2976
3090
0
0
3153
0
3037
3039
0
3173
3092
3156
3095
3163
3164
3093
3225
3103
0
3105
3106
3054
0
2992
0
3111
3278
3113
3114
3053
0
3054
3178
3117
0
3118
3119
3113
3120
2994
3121
2992
3134
3184
3124
3125
3126
0
3127
3056
3130
3132
3189
0
3184
0
3129
3089
3137
2974
3135
3244
3078
3140
3258
3081
3137
3142
3030
3145
3146
3094
3147
3148
3149
3091
3144
0
2976
3152
3153
3094
3270
3157
3204
3162
3103
3096
4450
3216
3098
0
3115
3115
3096
3101
3054
3327
3115
0
4448
3114
0
3066
3133
3174
3120
3177
0
0
3180
3130
3089
3191
3134
3183
0
3175
3175
3186
3187
3191
3135
3177
3123
0
3241
3193
3135
3245
3199
3147
3201
3296
3203
3150
0
3206
3208
3252
3210
3211
3212
3213
3218
3214
3081
0
3153
3215
0
3217
0
3219
3272
0
3222
3223
3179
4503
3278
0
3226
3228
3228
3229
3227
3232
3176
3174
3235
3239
3180
3191
3292
3240
0
0
3243
3251
3304
3193
3196
3243
3249
3250
3251
3255
3256
3211
3258
3266
3252
3260
3261
3212
3263
3147
3265
3209
3214
3308
3270
3271
3272
3274
3275
3276
3221
3327
3230
3355
3279
3226
3222
3328
3174
3290
3291
3180
3205
3289
3337
0
3291
3287
3250
3295
3296
3298
3232
3300
0
3298
3306
3347
3307
3315
3309
0
3310
0
3311
3312
3313
3312
3349
0
3315
3316
3352
0
3317
3318
3214
3308
3308
0
3320
3370
3327
3317
3322
3323
3357
3323
3272
0
0
3328
3222
3358
3285
3255
3280
3335
3298
3337
3239
3293
3341
3337
3345
3301
3344
3315
3310
0
4551
3353
0
3356
3333
3282
3339
3312
3361
0
3307
3369
3348
3366
4551
0
3348
3389
3389
0
3372
3330
3354
3373
3374
3373
3378
3333
0
0
0
3362
3352
3352
3352
3381
3382
3383
3382
3385
3386
3387
3388
3390
3391
3393
3394
3395
3396
3397
0
3399
3376
3401
0
3414
3399
3405
3406
3407
3408
3409
3410
3410
3411
3414
3412
3413
3415
3416
3417
3388
3388
3420
3421
3422
3423
3423
4837
3425
3426
4655
3428
3408
3431
3432
0
0
3434
3435
3436
3437
3411
3439
3440
3441
3417
3439
3444
3443
3441
3447
3448
3435
3450
3440
3452
3453
3452
3455
3456
3460
3458
3459
3447
3462
3463
3464
3457
3455
3460
3468
3469
3462
3471
3473
3472
3476
4920
3474
4925
3472
3477
3480
3475
3486
3479
3483
0
3484
3478
3508
3487
0
0
0
3493
1
3489
3497
3495
3502
3507
4929
3495
0
3503
4944
3506
3506
3519
3490
3520
0
0
3515
3518
0
0
0
3505
0
3529
0
3527
3536
3510
0
0
0
3527
3533
3529
3536
3531
3544
3514
3534
3526
3534
3525
3555
0
3552
3542
3544
3540
3541
3540
3543
3535
3540
3534
3555
3549
3551
3567
3552
3553
3554
3556
3557
3558
50
3550
3559
3546
3561
3564
3562
3565
3547
3563
3560
3570
3567
3578
3572
3574
3575
3576
0
3580
3568
3580
3593
0
3587
3599
3582
3593
3583
0
3585
3578
0
3594
3589
0
3615
3592
3595
3596
0
3597
0
61
3583
3603
3605
3607
3589
0
3610
3612
3627
3600
3613
3616
0
3618
3621
3624
3619
3620
0
3604
3630
3626
3625
3614
3626
3628
3604
3622
3629
3627
3617
4946
3631
3633
3634
0
3636
3637
0
3635
3640
3642
3643
3604
3646
3647
0
0
3638
3649
0
3650
4946
4954
3659
3654
3656
3645
3662
3665
3662
3656
4948
3666
3678
3667
3668
3670
3665
3663
4951
3657
3664
3680
3674
3686
3682
4962
3685
0
3681
3683
3685
3675
3675
0
3688
3689
3690
3692
3682
220
3694
3709
3682
3691
3699
3698
3698
3702
3711
3700
0
3696
3709
3706
0
4995
3710
0
3705
3711
3701
3701
3703
0
3712
3714
3713
0
0
3717
3718
3719
3719
0
3729
3733
3731
3747
3727
3724
0
3731
3742
3736
3754
3742
0
3723
0
0
0
0
3727
3751
3760
3734
0
3732
3744
0
3744
3739
3725
3767
3723
3740
3782
3746
3735
3735
3723
3750
3805
3770
3770
3757
3741
3823
3759
0
3863
3936
0
3738
3785
0
3756
3770
3772
3792
3771
3809
3755
3774
3746
3763
3764
3806
3763
3756
3794
3795
3783
0
0
3763
3780
0
3745
3781
0
3808
3795
3783
3833
3890
3786
3787
3816
3804
3802
3838
3803
3789
3764
0
3805
3840
0
3808
3811
0
3808
3796
0
3833
3817
3789
3773
3822
3823
3823
0
3828
3827
3823
3828
3839
3759
3814
3814
3796
3930
3820
3856
3811
3825
3845
3865
3845
3868
3871
3850
3851
3872
3853
3834
3855
3857
3858
3874
3859
3859
3860
3843
3845
3859
3864
3865
3808
3864
3847
3863
3848
3848
3849
3871
3801
3872
3858
3803
3874
0
3876
3874
3875
3828
3912
3880
3797
3884
3862
3769
3886
3886
3902
3902
0
3934
4002
3894
3859
3789
0
3842
3885
3888
3903
3890
3906
3934
3988
3929
3907
4001
3909
3819
4016
3911
3876
3898
3913
3914
3916
3919
3904
3904
3964
3891
3899
3927
3928
3942
3982
3872
3931
3932
3955
3934
3876
3937
3941
3880
0
1003
3901
3946
3925
3949
1003
3945
0
3949
3971
1081
3955
1078
3863
3957
4004
3828
3956
3978
3916
0
3974
3940
3904
3974
1081
3850
3929
3950
3911
3971
3980
3972
3972
3993
3915
3940
0
3963
3964
3967
3985
3989
3952
3970
3988
3897
3916
3997
3982
4023
0
4028
3987
3998
4016
0
3976
3970
3893
4032
4024
3993
4013
3994
3982
4018
3893
4033
4012
3981
3992
4022
0
3983
3989
0
3939
3958
0
4008
4012
3997
3985
0
4000
4030
4021
4023
0
4024
4025
3923
4025
1451
4055
0
4057
0
4010
4040
4017
4012
0
3983
4019
0
4029
4060
4033
4040
4039
0
4048
4055
4048
4080
4037
4086
4007
4050
4095
4044
4065
4066
4070
4049
4075
4071
4050
4027
0
0
4077
4063
4088
4054
4043
4084
4057
4074
4070
4073
4045
4089
4027
4095
4103
4091
4101
4110
4059
4094
4066
0
4062
0
1433
4081
4100
4056
4068
4106
4087
4107
4094
4068
4098
4083
4083
4116
0
4079
4113
0
4095
4118
4119
4120
4121
4123
4124
4126
4122
4130
0
4128
4133
0
4132
4132
0
0
4134
0
4139
4136
4133
4138
0
4140
4141
0
0
4147
4145
4148
2221
4145
0
4143
4147
4138
4150
4150
4150
4159
4149
4148
4161
4165
4156
0
4166
0
0
4172
0
0
4164
4184
4177
4173
4165
4172
4158
4180
0
4187
4183
4181
0
4169
4199
4185
4162
4176
4196
0
4189
4186
4197
4179
0
4196
0
4199
0
4195
0
4198
4202
0
4195
4202
4203
2558
2558
4251
4209
4209
4249
0
4211
4239
4213
4225
4215
4208
4216
0
4249
4247
0
4240
4226
4242
4228
4212
4219
0
4221
4213
4260
4246
4207
4224
4263
0
4255
2831
0
4229
4259
4264
0
4271
0
4277
4252
0
4235
4274
4253
4270
4232
4288
4223
4231
4349
4250
4302
4234
4265
4240
0
4263
0
4349
0
4260
0
4274
4350
4273
4252
4282
0
0
4256
4217
4219
0
4286
4287
4289
4252
0
0
4309
4291
0
4290
4293
4313
4324
0
4296
4297
4315
4385
0
4298
4381
4337
4319
4285
4416
4303
0
4308
4276
4273
4405
4354
4294
4336
4266
4254
4228
4241
0
4316
4269
4384
4319
4284
4320
4321
4420
4346
0
4293
4312
4336
4338
4338
4342
0
0
4276
4322
4344
4340
4300
4297
4325
0
4430
4448
4355
4312
4354
4408
4358
4414
4381
4450
4316
4365
4392
4321
0
4423
4371
4371
4368
4545
4435
4372
4376
4320
4378
4272
4324
4396
4374
4399
4283
4355
4330
0
4447
4507
4422
4413
4387
4321
4452
4420
4498
4399
4396
4328
4350
4348
3170
4324
4440
4483
4396
4355
4555
4355
4413
0
4383
4423
4456
4424
4322
4344
4423
4451
0
4429
4493
4371
4369
4437
0
0
4441
4370
4636
4472
0
4399
4441
4329
4413
4294
4529
0
4510
4451
4362
4358
4384
3198
4415
4457
4557
4365
4482
4344
4474
4481
4456
4408
4442
4321
4490
4498
4473
0
4441
4427
4431
4469
0
0
4605
4443
4474
0
4467
4504
4511
4443
0
4525
4478
4449
4478
4483
0
4358
4422
4481
4488
0
4451
4424
4539
4591
4494
4495
0
0
0
0
0
3223
4658
4334
4404
0
4351
4501
4479
4508
4509
4559
4559
0
4509
4446
0
4560
4591
4567
4592
4439
0
4462
4569
4499
0
4523
4657
4439
4479
4507
4640
4512
0
4593
0
4524
4566
4613
4495
4455
4565
4491
4455
4542
0
0
3354
0
4577
4550
3350
4660
0
0
4362
4587
4559
4494
4539
4537
4662
0
4441
4366
4574
4570
4470
4469
3281
4585
4488
4529
4644
4586
0
0
4589
0
0
4623
4597
4701
4575
0
4604
0
4444
4659
0
4576
4640
4549
4609
4576
4610
4611
0
4524
4561
4615
4617
4618
0
0
4569
0
4623
4466
4624
4597
4462
4627
4543
4629
4545
4681
4547
4639
4642
0
4592
4642
0
0
4700
4491
4675
4658
4735
4596
0
4601
4747
4573
0
4603
0
4522
4662
4639
4783
4672
4610
4752
4645
0
0
4593
0
4586
4561
4670
4616
4563
4541
4648
4848
4614
4334
4592
4674
4676
4677
4678
4679
4626
4573
4630
4651
4574
4811
4713
4686
0
4664
4610
0
4643
4696
4785
4684
4728
4673
4703
4648
4704
4707
4702
4708
4629
4681
0
0
4783
4713
4690
4716
4879
4607
4664
4753
4739
4694
4785
4541
4697
4782
4671
4726
4777
4730
4691
4648
4795
4704
4705
4791
4791
4742
0
4803
4706
4743
4466
0
0
0
4713
4749
0
4660
4750
4867
4775
0
4785
4687
4805
4671
4784
4707
4706
4712
4735
4795
4788
4762
4720
0
4794
0
4744
4760
4764
4765
4765
4762
4549
4716
0
4820
4783
4777
4770
0
4797
4692
4820
4778
4781
0
4791
4789
4790
0
0
4816
4760
4734
4795
4796
4736
4771
4804
4804
4806
4810
4811
4753
0
4812
0
0
4850
4787
4781
4701
4819
4778
4726
4879
4833
4823
4822
0
4863
4740
0
4834
4760
4832
4832
4804
4768
0
4826
4768
4805
0
4846
4697
0
0
4896
4736
0
4766
4862
4875
4863
0
4761
4863
0
0
4892
4869
3397
4868
0
4869
4885
4827
0
0
4813
4849
4828
4851
4883
4860
4892
4863
4875
4830
4829
4893
4885
4870
4849
4880
0
4881
4884
4884
4830
4894
4877
4884
4894
4877
4874
4729
4890
0
4895
0
0
0
0
0
4900
4903
4897
4909
4903
0
4902
0
4918
3475
0
4910
4904
4910
0
4916
4915
0
4918
4918
4924
4926
4917
4924
4932
4911
4928
4925
4921
4932
0
4930
4939
4940
4943
0
4935
0
4937
4929
4936
4943
0
3500
3502
4949
4949
4965
4950
3652
4952
0
4956
4967
4949
4994
4968
4969
4953
4959
0
4951
4967
0
4974
4963
0
4966
4976
4995
4982
4964
0
4981
0
4971
4979
4977
4973
4981
4979
4992
4972
0
3708
4980
0
3709
4988
4999
4990
4991
0
0
4998
4987
