4
1
3499
3499
4
13
7
8
5
3513
9
10
11
3529
14
15
16
18
19
21
22
22
23
24
27
25
15
32
59
29
31
33
45
27
35
34
37
39
40
52
41
30
43
44
45
38
48
50
62
63
65
53
62
56
55
72
78
46
64
54
64
66
67
61
68
71
72
74
83
75
76
57
79
82
82
84
85
86
72
89
90
91
92
93
101
103
95
96
94
97
98
100
117
102
104
106
107
86
98
114
117
115
116
105
121
126
112
99
109
3679
125
108
120
141
124
127
111
128
130
122
133
134
150
149
138
139
140
141
142
143
144
131
145
146
147
148
134
149
151
137
153
154
167
156
157
155
158
159
160
161
162
152
164
166
165
138
196
167
169
188
170
171
172
174
180
175
167
176
173
177
178
179
181
182
183
184
185
186
187
189
190
191
192
193
195
202
3709
197
198
199
233
200
3703
201
214
202
203
204
205
206
207
208
209
210
211
213
212
214
215
216
217
218
219
238
220
221
222
222
224
225
226
227
228
229
230
231
232
234
235
237
239
240
236
242
243
263
244
245
246
241
247
248
249
250
251
252
253
254
255
256
258
287
257
260
261
259
262
263
264
265
266
267
269
270
271
272
273
274
275
276
277
278
279
280
281
304
283
284
285
286
282
288
289
290
291
310
292
293
295
294
296
299
300
301
302
303
330
305
306
308
309
311
268
298
313
314
315
316
317
318
353
319
320
321
322
323
324
325
326
327
328
329
347
331
332
333
334
335
338
339
340
341
342
343
344
345
346
348
349
350
352
354
355
356
357
358
359
360
312
408
365
362
363
364
366
367
368
369
371
371
351
372
373
374
375
376
377
378
379
330
381
382
383
384
385
386
387
361
388
389
390
380
391
392
366
394
395
396
397
398
399
400
401
402
403
404
406
409
410
411
412
413
387
407
415
416
417
418
419
420
413
421
422
423
414
424
425
427
428
429
430
411
432
433
433
434
435
436
437
438
439
440
442
443
444
444
446
456
447
441
469
449
450
452
453
486
441
455
458
459
460
461
462
463
464
465
490
467
468
470
471
472
473
474
475
476
477
478
479
480
481
482
483
484
485
486
487
488
488
457
492
493
495
496
497
534
499
477
500
501
502
504
504
507
506
508
509
510
511
512
515
513
514
516
426
540
519
520
521
522
523
524
526
521
585
525
494
527
528
529
530
531
532
533
505
533
535
537
503
538
539
540
541
541
573
543
544
546
547
548
548
519
549
551
552
556
557
558
559
560
561
562
563
564
565
536
566
622
567
568
571
574
553
577
578
581
582
653
653
554
613
586
587
588
589
591
592
593
594
595
596
569
598
599
601
602
599
604
624
605
606
607
608
625
703
603
609
584
625
611
614
615
690
616
618
617
620
688
624
624
576
627
628
629
631
657
632
634
634
611
635
636
638
639
640
641
642
643
645
646
647
712
667
620
648
606
576
623
610
651
652
675
703
654
655
656
658
659
707
661
662
663
664
665
666
669
679
671
680
658
724
657
657
681
682
706
725
704
685
644
686
771
687
673
674
674
689
670
697
678
694
695
696
699
700
737
698
728
702
739
708
738
710
711
774
714
715
716
718
717
753
716
720
758
722
725
691
727
801
684
729
730
731
726
763
734
735
736
739
682
707
741
729
684
709
743
744
821
749
747
791
750
751
754
755
748
757
759
726
798
761
804
733
765
766
778
768
769
770
772
773
774
775
776
778
779
780
783
784
785
786
746
789
752
790
827
721
793
795
670
798
857
856
797
800
803
800
805
808
809
802
844
812
746
782
813
814
816
817
818
820
821
823
824
825
826
828
829
852
794
830
831
828
833
834
856
800
801
764
890
740
807
839
867
865
810
811
814
843
846
845
915
853
816
847
848
850
851
852
853
880
854
855
832
858
859
860
861
836
863
864
807
865
806
868
819
906
866
871
872
873
875
876
842
850
878
879
880
881
882
921
884
924
888
889
886
836
862
896
928
895
895
898
899
900
901
902
869
936
904
905
871
907
908
976
946
1065
911
912
913
914
916
917
918
919
920
922
923
883
901
891
890
863
928
930
931
932
1014
1017
934
935
936
937
947
938
1210
939
940
1011
943
944
1030
973
945
946
947
961
949
950
951
952
953
954
955
956
968
957
958
959
960
961
961
962
963
965
966
967
973
974
968
968
975
969
970
1162
980
971
972
1047
974
968
975
975
977
1019
978
1067
979
980
982
983
984
984
985
910
987
988
1068
1064
877
990
991
989
993
994
995
996
997
998
999
945
1002
1003
1004
1006
1007
1008
1009
1210
1010
929
1012
1013
1014
1014
1094
933
1018
1020
1021
1022
1023
1024
1025
948
1026
1027
1028
1029
1030
1001
1031
1032
1033
1034
948
1036
1037
1038
959
1039
1041
1042
1048
1043
3976
1044
1105
1162
1046
1154
1062
1055
1049
1055
1151
1056
1051
1056
1162
1167
1052
1047
1054
1062
1064
1057
1058
1059
1060
1061
1060
1063
977
1069
1066
992
982
1055
1070
3925
1177
1072
1073
3949
3972
1074
1075
1064
3968
1081
1077
1195
1078
3939
1081
1082
1083
1080
1091
1087
1088
1089
1090
1091
1092
1091
1100
1104
1094
1095
924
1097
1099
1100
1101
1130
1103
1128
1205
1107
1106
1110
1115
1114
1116
1279
1118
1119
1120
1084
1122
1123
1285
1015
1124
1017
1231
1128
1129
1131
1145
1133
1132
1134
1035
1136
1137
1138
1139
1230
1141
1142
1143
1146
1135
1148
1149
1150
1144
1151
1153
1159
1155
1156
1157
1158
1056
1161
1247
1163
1164
1154
1312
1166
1168
1169
1170
1165
1159
1172
1173
1190
1174
1175
1254
1170
982
1060
1178
1188
1180
1177
1181
1257
1184
1103
1186
1187
1109
1191
1192
1193
1194
1267
1196
1196
1079
1206
1200
1109
1202
1203
1204
1206
1209
1280
1211
1094
1214
1215
1216
1217
1015
1098
1289
1221
1222
1293
1224
1225
1227
1228
1140
1230
1232
1233
1147
1234
1235
1236
1237
1238
1239
1240
1241
1154
1311
1243
1159
1245
1246
1248
1249
1250
1251
1242
1253
1252
1324
1374
1256
1257
1258
1259
1260
1261
1262
1263
1206
1265
1266
4003
1267
1268
1269
1197
1272
1258
1275
1276
1277
1274
1280
1281
1282
1283
1284
1285
1286
1285
1346
1347
1349
1223
1291
1354
1294
1295
1296
1297
1298
1299
1300
1301
1302
1303
1305
1354
1307
1308
1309
1316
1312
1314
1315
1445
1317
1252
1319
1320
1321
1322
1323
1324
1325
1318
1326
4055
1330
1328
1332
1333
1389
1334
1335
1336
1206
1337
1192
1340
1267
1212
1399
1274
1402
1343
1273
1344
1345
1413
1413
1346
1347
1348
1349
1351
1353
1354
1355
1357
1358
1359
1422
1361
1469
1363
1364
1365
1366
1367
1368
1369
1306
1371
1372
1373
1432
1381
1375
1376
1247
1377
1448
1378
1379
1380
1382
1383
1451
1384
4019
1385
1386
1387
1450
1391
1392
1458
1395
1396
1394
1397
1212
1398
1401
1402
1403
1549
1549
1404
1406
1407
1454
1484
1409
1538
1411
1412
1413
1480
1415
1416
1417
1418
1419
1420
1421
1413
1287
1424
1425
1485
1426
1370
1427
1429
1431
1490
1433
1507
1383
1436
1437
1438
1439
1440
1445
1381
1442
1443
1320
1444
1624
1446
1447
1449
4077
1522
1453
1531
1455
1537
1457
1542
1397
1400
1460
1460
1212
1467
1463
1464
1549
1549
1466
1467
1416
1483
1471
1472
1473
1460
1475
1476
1477
1478
1479
1480
1481
1482
1485
1486
1474
1487
1488
1491
1359
1489
1491
1670
1494
1495
1497
1498
1499
1500
1538
1501
1502
1508
1504
1505
1419
1433
1508
1509
1516
1443
1512
1513
1514
1515
1448
1519
1521
4077
1523
1528
1525
1585
1533
1528
1520
1530
4083
1536
1539
1540
1468
1542
1544
1545
1546
1547
1653
1549
1587
1550
1547
1548
1551
1552
1474
1563
1553
1554
1595
1491
1555
1669
1606
1558
1559
1560
1561
1496
1564
1566
1642
1568
1569
1581
1570
1313
1574
1567
1577
1578
1579
1581
1633
1648
1582
1583
1584
1585
1586
1587
1657
1590
1589
1591
1592
1599
1656
1656
1589
1597
1600
1601
1602
1596
1651
1604
1607
1642
1608
1609
1610
1611
1563
1612
1613
1615
1616
1617
1565
1619
1620
1622
1623
1679
1625
1626
1627
1628
1630
1631
1614
1621
1634
1635
1636
1638
1639
1640
1641
1567
1644
1645
1646
1647
1580
1649
1650
1690
1652
1694
1653
1654
1655
1656
1586
1660
1662
1664
1665
1740
1740
1666
1657
1669
1670
1672
1674
1675
1676
1668
1679
1680
1681
1682
1683
1685
1686
1687
1688
1689
1647
1690
1618
1692
1693
1694
1618
1656
1697
1697
1654
1676
1734
1671
1586
1701
1702
1744
1705
1706
1707
1708
1684
1710
1711
1712
1802
1713
1694
1734
1735
1698
1716
1734
1735
1661
1698
1721
1720
1708
1722
1666
1723
1724
1726
1727
1728
1729
1730
1694
1758
1764
1764
1733
1716
1734
1768
1736
1738
1739
1735
1770
1740
1767
1743
1761
1702
1774
1745
1706
1774
1751
1750
1751
1753
1754
1729
1755
1756
1757
1759
1758
1764
1762
1762
1716
1766
1769
1815
1771
1746
1747
1774
1798
1748
1777
1779
1780
1780
1783
1781
1782
1784
1785
1787
1788
1789
1790
1791
1735
1767
1815
1795
1796
1797
1807
1800
1801
1803
1804
1805
1773
1806
1809
1810
1820
1800
1812
1813
1816
1814
1815
1793
1817
1808
1821
1823
1821
1825
1826
1827
1828
1829
1830
1831
1832
1833
1834
1835
1836
1837
1838
1839
1840
1841
1842
1843
1844
1845
1846
1847
1848
1849
1850
1851
1852
1853
1854
1855
1856
1857
1858
1859
1860
1861
1862
1863
1864
1865
1866
1867
1868
1869
1870
1871
1872
1873
1874
1875
1876
1877
1878
1879
1880
1881
1882
1883
1884
1885
1886
1887
1888
1889
1890
1891
1892
1893
1894
1895
1896
1897
1898
1899
1900
1901
1902
1903
1904
1905
1906
1907
1908
1909
1910
1911
1912
1913
1914
1915
1916
1917
1918
1919
1920
1921
1922
1923
1924
1925
1926
1927
1928
1929
1930
1931
1932
1933
1934
1935
1936
1937
1938
1939
1940
1941
1942
1943
1944
1945
1946
1947
1948
1949
1950
1951
1996
1952
1953
1954
1955
1956
1957
1958
1959
1960
1961
1962
1963
1964
1965
1966
1967
1968
1969
1970
1971
1972
1973
1974
1975
1976
1998
1977
1978
1979
1980
1981
1982
1983
1984
1985
1986
1988
1989
1990
1991
1992
1993
1994
1995
1995
1997
1998
1999
2001
2002
2003
2004
2010
2011
2005
2006
2007
2008
2009
2010
2010
2012
2013
2014
1987
2015
2016
2017
2000
2018
2019
2020
2019
2022
2023
2024
2025
2027
2028
2029
2031
2032
2033
2034
2035
2036
2037
2038
2039
2039
2030
2041
2042
2043
2044
2045
2046
2047
2048
2049
2050
2051
2052
2053
2054
2055
2055
2056
2057
2058
2059
2060
2061
2062
2063
2073
2064
2065
2066
2067
2068
2069
2070
2071
2072
2073
2074
2075
2076
2077
2078
2079
2080
2081
2100
2082
2083
2084
2085
2086
2099
2087
2088
2089
2090
2091
2092
2093
2079
2094
2095
2096
2097
2098
2099
2101
2112
2102
2074
2105
2106
2107
2108
2109
2110
2111
2113
2114
2115
2116
2117
2126
2118
2119
2120
2121
2122
2123
2124
2125
2141
2141
2127
2128
2134
2144
2130
2131
2132
2133
2134
2135
2136
2137
2138
2139
2140
2127
2142
2143
2133
2145
2146
2147
2148
2149
2150
2151
2151
2152
2154
2155
2156
2157
4110
2159
2153
2160
2161
2162
2163
2164
2165
2166
2167
2168
2169
2170
2171
2172
2173
2174
2175
2176
2191
2177
2178
2179
2180
2181
2182
2183
2184
2185
2186
2187
2193
2188
2189
2190
2191
2192
2194
2195
2196
2197
2198
2199
2200
2201
2202
2203
2204
2205
2206
2207
2208
2209
2210
2211
2212
2213
2214
2215
2216
2217
2218
2219
2220
2221
2222
2223
2224
2225
2226
2227
2228
2250
2229
2230
2231
2244
2233
2234
2235
2236
2237
2238
2239
2240
2241
2242
2243
2271
2244
2245
2246
2247
2249
2251
2252
2253
2254
2255
2259
2258
2259
2270
2286
2260
2318
2263
2261
2264
2265
2266
2267
2285
2269
2272
2273
2306
2274
2277
2275
2248
2251
2554
2267
2283
2282
2286
2288
2289
2276
2291
2307
2292
2333
2296
2353
2297
2298
2300
2301
2282
2302
2257
2303
2287
2304
2306
2308
2305
2344
2293
2295
2315
2316
2318
4195
2355
2322
2319
2283
2320
2410
2322
2325
2329
2327
2302
2330
2362
2334
2331
2330
2313
2336
2336
2338
2309
2339
2340
2342
2343
2400
2345
2378
2346
2379
2307
2348
2350
2401
2349
2317
2353
2299
2354
2355
2357
2358
2359
2360
2386
2363
2341
2365
2366
2367
2368
2373
2399
2403
2371
2415
2379
2406
2377
2420
2381
2388
2413
2383
2381
2389
2390
2520
2391
2324
2361
2333
2444
2392
2393
2446
2394
2396
2397
2398
2400
2493
2404
2405
2409
2410
2465
2466
2413
2414
2415
2407
2416
2473
2418
2419
2424
2421
2473
2430
2426
2427
2388
2428
2429
2432
2433
2430
2436
2437
2440
2441
2434
2443
2444
2447
2448
2449
2450
2452
2454
2494
2455
2403
2457
2458
2511
2459
2460
2461
2462
2504
2463
2411
2464
2509
2467
2468
2469
2470
2471
2472
2388
2474
2475
2443
2476
2477
2435
2479
2435
2474
2480
2481
2482
2483
2484
2478
2482
2486
2487
2488
2488
2490
2491
2485
2492
2493
2495
2496
2497
2499
2500
2501
2503
2508
2505
2506
2507
2464
2509
2510
2421
2512
2471
2513
2514
2515
2516
2197
2518
2519
2521
2522
2562
2523
2524
2526
2527
2528
2529
2530
2531
2532
2533
2531
2534
2498
2539
2537
2538
2540
2541
2542
2543
2545
2546
2538
2548
2542
2550
2551
2552
2553
2562
2516
2555
2558
2559
2599
2556
2525
2557
2535
2559
2560
2595
2561
2563
2564
2536
2565
2567
2569
2570
2498
2565
2572
2573
2533
2575
2576
2577
2579
2582
2583
2584
2584
2586
2654
2587
2589
2592
2593
2657
2597
2633
2595
2598
2600
2601
2608
2603
2604
2605
2606
2566
2607
2574
2610
2609
2612
2613
2626
2619
2616
2588
2619
2620
2621
2616
2586
2624
2625
2627
2628
2629
2718
2630
2631
2632
2590
2668
2638
2675
2641
2642
2608
2647
2679
2649
2650
2616
2622
2651
2652
2653
2663
2655
2656
2718
2690
2659
2660
2661
2662
2664
2665
2629
2667
2637
2670
2598
2671
2673
2702
2674
2734
2676
2677
2678
2612
2681
2682
2716
2683
2684
2685
2719
2723
2686
2687
2688
2691
2692
2695
2663
2669
2628
2699
2700
2697
2811
2702
2804
2704
2750
2706
2645
2709
2710
2711
2712
2713
2756
2716
2717
2720
2694
2721
2761
2686
2724
2725
2689
2770
2732
2727
2731
2728
2729
2775
2659
2636
2693
2733
2806
2736
2739
2896
2741
2742
2805
2745
2784
2747
2748
2749
2751
2752
2754
2755
2716
2795
2715
2757
2758
2759
2760
2686
2762
2763
2723
2764
2765
2847
2766
2767
2769
2774
2771
2772
2734
2773
2776
2805
2778
2779
2780
2812
2781
2701
2746
2707
2818
2782
2868
2785
2750
2786
2866
2788
2789
2790
2827
2791
2759
2793
2794
2797
2798
2799
2800
2801
2802
2805
2803
2744
2807
2808
2809
2810
2850
2813
2814
2815
2816
2821
2783
2786
2820
2822
2823
2787
2865
2825
2826
2827
2829
2830
2792
2836
2831
2833
2834
2794
2837
2838
2839
2840
2841
2842
2843
2914
2845
2847
2887
2848
2849
2850
2851
2853
2852
2857
2858
2859
2938
2898
2860
2977
2839
2839
2861
2909
2863
2868
2869
2867
2911
2872
2873
2960
2876
2877
2844
2878
2879
2880
2881
2882
2883
2884
2887
2885
3149
2887
2888
2889
2890
2892
2893
2934
2895
2903
2936
2935
2862
2862
2900
2939
2982
2835
2901
2975
2996
2902
2832
2864
2904
4280
2871
2907
2910
2906
2912
2913
2914
3002
2916
2922
2917
2918
2919
2776
2958
2920
2921
2889
2923
2924
2925
2926
2927
2928
2931
2932
2891
2933
2972
2934
2988
2895
2936
2937
2859
4241
2999
2939
2940
2942
2943
2944
2945
3055
2941
2947
2948
2950
2905
2951
2953
2954
2955
3124
2956
3002
2957
3003
3018
2961
2960
2962
3028
2965
2966
2967
2969
2970
3036
2973
2975
2976
2977
2978
2935
2980
3034
3043
2984
2977
2983
2988
2897
2985
2986
3048
2989
2990
2991
2974
2943
3051
2987
2995
2998
3057
3003
3004
3074
3005
3079
3069
3006
3008
3010
3060
3013
3014
3015
3012
3143
3018
3083
3019
3020
3022
3023
3024
3095
2970
3021
3030
2971
3025
3033
2978
3035
2924
3037
2980
3040
3041
2985
3042
2984
2994
3046
3045
3104
3047
3049
3100
3108
3050
2993
3062
3052
3054
3097
3055
3056
3061
3121
3067
3068
3123
3183
3017
3115
3071
3009
3078
3075
3079
3076
3139
3081
2963
3082
3084
3085
3086
3087
3087
3088
3091
3134
3026
3073
3090
3027
3093
3094
3156
3144
3092
3154
3025
3099
3038
3099
3044
3103
3104
3138
3059
3167
3106
3107
3049
3174
3109
3111
3172
3113
3114
3116
3180
3181
3119
3058
3000
3191
3066
3177
3122
3127
3187
3123
3256
3130
3192
3185
3132
3081
3133
3014
3140
3136
3253
3142
3260
3137
3129
3081
3195
3011
3140
3141
3194
3142
3261
3143
4332
3014
3206
3208
3145
3210
3146
3265
3212
3084
3204
3150
3216
3152
3208
3147
3154
3155
3159
3051
3157
3270
3102
3161
3284
3162
3159
3163
3105
3168
3170
3223
3240
3171
3276
3174
3165
3112
3172
3173
3180
3223
3247
3182
3120
3134
3130
3241
4379
3245
3179
3250
3190
3190
3241
3131
3081
3258
3190
3186
4352
3260
3263
3138
3198
3207
3261
3213
3202
3098
3255
3204
3155
3205
3206
3188
3140
3209
3209
3211
3266
3205
3157
3213
3144
3265
3272
3275
3157
3221
3222
3240
3118
3309
3226
3227
3166
3285
3233
3235
3229
3290
3238
3239
3246
3291
3162
3333
3180
3242
3244
3243
3176
3248
3294
3249
3301
3252
3203
4434
3253
3189
3257
3199
3199
3200
3259
3262
3201
3207
3264
3307
3255
3205
3313
3267
3214
3315
3277
3280
3273
3275
3219
3277
3278
3314
3280
3346
3282
3290
3284
3289
3235
3286
3231
3238
3287
3240
3288
3279
3291
3317
3247
3293
3294
3341
3295
3296
3184
3258
3254
3297
3299
3257
3301
3344
3207
3347
3303
3255
3228
3305
3349
3348
3303
3308
3314
3251
3309
3310
3262
3311
3274
3310
3316
3360
3357
3326
3318
3319
3320
3283
3322
3358
3323
3358
3364
3319
3326
3327
3383
3330
3331
3332
3291
3317
3317
3333
3334
3367
3258
3331
3336
3337
3373
3337
3294
3339
3340
3344
3301
3391
3302
3346
3300
3281
3310
3349
3307
3351
3352
3349
3354
3312
3324
3326
3320
3325
3369
3335
3371
3372
3374
3345
3356
3358
3396
3355
3357
3424
3361
3381
3369
3366
3361
3405
3405
3385
3386
3387
3370
3390
3389
3390
3375
3374
3376
3376
3395
3377
3383
3383
3383
3400
3401
3402
3401
3398
3384
3404
3428
3406
3407
3408
3409
3410
3411
4745
3392
3414
3393
3413
3416
3417
3414
3419
3420
3421
3422
3423
4685
4685
3448
3417
3418
3425
3426
3427
3450
3428
3428
3430
3431
3432
3433
3433
3434
3435
3436
3412
3456
3422
3440
3441
3446
3416
3443
3457
3445
3447
3448
3449
3459
3453
3450
3449
3452
3451
3453
3455
3438
3457
3458
3459
3462
3461
3462
3463
3464
3468
3465
3466
3455
3444
3469
3470
3460
3463
3468
3467
3473
3444
4910
3475
3478
3479
3477
3476
4935
3478
3484
3482
3480
3486
3483
3490
3492
3488
3481
3489
3496
3494
3495
0
3514
3499
3500
3501
3498
3503
3511
4942
3498
3539
3504
3508
3540
3540
3531
3512
3530
3516
4947
3519
3
3529
3507
3528
3538
3533
3525
3517
3542
3551
3532
3539
3526
3535
3542
3543
3525
3551
3545
3552
3541
3560
3536
3560
17
3572
3533
3553
3558
3552
3522
3556
3522
3561
3544
3522
3560
3572
3563
3567
3565
3553
3569
3571
3573
3559
3564
3577
3579
3580
3585
3570
3581
3583
3584
3555
3568
3586
3601
3565
3588
3590
3592
3593
3582
3574
3589
3596
3589
3611
3597
3605
3621
3599
3611
3602
3604
3591
3588
3606
3612
3608
3635
3609
3600
3603
3614
3613
3615
3632
46
3602
3619
3620
3622
3608
3610
3626
3630
3638
3617
3644
3633
3625
3634
3648
3642
3637
3627
3654
3631
3641
3653
3645
3628
3653
3661
3631
3639
3649
3638
3650
3651
3652
3629
3655
3674
3658
3659
3665
3656
3660
3643
3663
3631
3681
3668
3664
3669
3670
3671
3667
4950
3651
3676
3675
3678
3684
3666
3672
3686
3672
3684
4951
3687
3699
3688
3689
3691
3686
3693
4962
3680
3685
3696
3694
3697
3707
3698
3708
3704
3702
3706
3708
3711
3711
4987
3716
3714
3717
3718
3707
3719
3721
3722
3707
3723
3724
3725
3725
3720
3734
3728
3729
3726
3722
3742
3730
4992
3732
3733
3739
3734
3735
3735
3737
3743
3738
3741
3740
3750
3743
3745
3746
3748
3748
3751
3752
3756
3772
3803
3758
3771
3788
3772
3761
3766
3774
3761
3751
3770
3767
3776
3751
3759
3758
3760
3784
3764
3801
3763
3773
3814
3773
3797
3799
3792
3770
3791
3846
3785
3783
3783
3770
3778
3833
3819
3819
3796
3793
3835
3837
3801
3839
3821
3789
3815
3812
3779
3807
3819
3800
3818
3811
3848
3780
3782
3785
3853
3855
3832
3853
3807
3838
3823
3810
3850
3777
3853
3798
3806
3824
3794
3826
3851
3823
3810
3841
3896
3813
3829
3804
3786
3830
3831
3817
3856
3855
3809
3833
3834
3847
3851
3858
3850
3851
3822
3850
3841
3842
3856
3790
3844
3835
3835
3899
3873
3889
3835
3873
3871
3837
3825
3825
3822
3907
3934
3857
3858
3859
3862
3840
3862
3882
3884
3864
3865
3885
3867
3927
3869
3868
3887
3888
3872
3872
3874
3845
3862
3872
3879
3840
3851
3879
3876
3839
3866
3866
3883
3884
3880
3885
3887
3817
3888
3816
3912
3888
3890
3873
3913
3891
3875
3935
3892
3836
3893
3893
3878
3878
3854
3929
3900
3909
3872
3856
3930
3970
3919
3903
3904
3896
3905
3929
3906
3973
3962
3886
3908
3911
3933
3963
3912
3914
3916
3917
3957
3992
3921
3921
3943
3922
3902
3898
3924
3926
3971
3885
3928
3966
3910
3929
3912
3953
3938
3891
3920
3945
3940
3965
3941
3944
3945
3923
3961
3944
3951
3949
3910
3925
3839
3979
3998
3873
3937
3936
3957
3958
3995
3969
3921
3995
3949
3864
3973
3946
3963
3951
3968
3978
3978
3956
3915
3969
3918
3996
3943
3948
3972
1125
3950
3952
3906
3932
3957
4008
3971
4005
3947
3960
3982
3981
3933
4021
3975
3952
3983
3987
3989
3956
4004
3993
3971
3985
3983
4042
4015
3988
3990
3991
4017
4012
1125
3967
4025
3954
4014
3955
4015
4008
3972
3881
3964
4013
4001
4005
4003
3989
4011
4029
4011
4019
4022
4026
4032
4087
4027
3997
4041
4015
4017
4012
4023
4039
4040
4070
4042
3997
4046
4036
4037
4022
4037
4020
4064
4018
4000
4066
4069
4010
4061
4049
4063
4052
4068
4050
4066
4060
1434
4026
4071
4058
4045
4048
4059
4085
4032
4086
4063
4065
4028
4072
4060
4069
4074
4075
4092
4102
4084
4067
4049
1522
4057
4024
1507
4076
4079
4047
4062
1518
4051
4088
4067
4062
4089
4091
4091
4099
4095
4081
4101
4093
4069
4103
4107
4105
4104
4108
2158
4110
4112
4115
4117
4116
4113
4119
4120
4120
4121
4138
4124
4122
4128
4127
4113
4130
4131
4133
4142
4122
4134
4146
4139
4143
2232
4139
4160
4141
4146
4130
4147
4147
4147
4156
4140
4143
4154
4179
4159
4165
4167
4149
4160
4163
4158
4177
4168
4199
4170
4173
4179
4163
4155
4188
4178
4164
4187
4191
4183
4190
4185
4186
4176
4184
4207
4177
2374
4189
4205
4200
4196
4207
4192
4185
4196
4202
4204
4206
4209
4171
4202
4209
4201
2580
2580
4222
4239
4239
4226
4213
4215
4246
4223
4217
4263
4221
4219
4220
4226
4294
4267
4230
4233
4270
4250
4214
4232
4237
4253
4223
4273
4256
4212
4229
4249
4244
4303
2859
4247
4234
4262
4258
4259
4272
4238
4277
4290
4224
4240
4225
4260
4261
4252
4274
4236
4242
4279
4257
4305
4231
4264
4230
4227
4249
4227
4279
4318
4273
4341
4225
4363
4276
4290
4266
4259
4282
4280
4235
4232
4304
4326
4364
4292
4290
4285
4293
4312
4296
4308
4298
4314
4375
4361
4299
4300
4302
4408
4317
4283
4398
4377
4381
4322
4286
4518
4307
4324
4278
4281
4276
4403
4336
4376
4301
4335
4268
4250
4251
4338
4339
4269
4359
4322
4321
4350
4347
4388
4329
4686
4314
4356
4301
4410
4410
3160
4323
4344
4281
4416
4346
4342
4287
4302
4351
4295
4310
4352
4406
4356
4336
4444
4445
4340
4377
4379
4339
4448
4390
4347
4393
4362
4365
4365
4385
4653
4423
4367
4433
4350
4431
4275
4361
4428
4401
4469
4353
4406
4333
4481
4441
4506
4380
4509
4418
4347
4443
4388
4575
4469
4428
4395
4363
4456
4378
4361
4397
4484
4428
4406
4473
4406
4509
4404
4413
4362
4424
4542
4416
4346
4362
4480
4487
4421
4422
4365
4545
4330
4392
4283
4462
4461
4432
4463
4435
4469
4462
4503
4509
4376
4512
4508
4510
4480
4483
4445
4359
4412
4514
4420
4591
4448
4450
4346
4453
4486
4424
4444
4436
4347
4652
4575
4460
4501
4462
4504
4459
4458
4500
4573
4548
4438
4453
4501
4429
4467
4534
4438
4470
4472
4516
4477
4516
4484
4530
4445
4380
4486
4447
4537
4480
4542
4414
4572
4529
4493
4532
4494
4430
4551
4502
3252
4559
4402
4372
4439
4405
4525
4476
4566
4478
4511
4511
4530
4478
4479
4468
4543
4572
4426
4613
4528
4547
4523
4496
4524
4399
4526
4527
4528
4476
4506
4562
4513
4569
4593
4537
4571
4540
4488
4493
4544
4602
4597
4544
4531
4419
4551
3370
4580
4585
4558
3329
4725
4507
4449
4483
4595
4511
4529
4414
4674
4625
4552
4462
4650
4688
4581
4499
4458
3343
4590
4447
4512
4567
4668
4568
4642
4596
4622
4588
4557
4604
4708
4605
4582
4555
4608
4556
4635
4609
4589
4562
4554
4643
4589
4639
4663
4645
4571
4570
4646
4619
4648
4859
4601
4496
4621
4557
4599
4626
4604
4523
4629
4631
4715
4653
4684
4690
4695
4696
4640
4613
4696
4642
4669
4705
4597
4675
4559
4710
4600
4722
4584
4744
4607
4659
4583
4692
4636
4625
4695
4718
4694
4639
4726
4641
4702
4612
4593
4670
4668
4570
4672
4707
4617
4598
4755
4734
4592
4402
4613
4647
4676
4678
4679
4680
4628
4607
4632
4687
4688
4811
4719
4662
4683
4723
4639
4611
4699
4667
4731
4703
4624
4618
4709
4755
4737
4740
4654
4623
4715
4684
4716
4767
4718
4719
4765
4721
4889
4560
4723
4727
4724
4665
4731
4598
4784
4732
4706
4786
4735
4736
4751
4755
4756
4737
4711
4754
4754
4713
4714
4742
4738
4757
4599
4758
4692
4691
4719
4717
4835
4725
4768
4862
4779
4729
4731
4750
4836
4706
4775
4740
4738
4794
4710
4756
4797
4814
4712
4835
4793
4805
4743
4764
4769
4748
4748
4814
4554
4721
4812
4817
4718
4735
4774
4807
4801
4728
4817
4778
4815
4785
4754
4788
4790
4821
4739
4733
4764
4796
4756
4799
4866
4803
4804
4804
4833
4857
4811
4727
4781
4810
4805
4782
4697
4787
4815
4708
4826
4778
4786
4889
4829
4818
4819
4824
4827
4852
4821
4822
4764
4834
4834
4804
4831
4813
4832
4831
4836
4772
4820
4784
4844
4798
4865
4866
4844
4795
4851
4823
4827
4821
4800
4827
4868
4849
4888
4872
4745
4830
4858
4872
4882
4838
4870
4859
4860
4877
4876
4843
4879
4878
4888
4827
4823
4869
4808
4895
4882
4837
4877
4880
4847
4881
4874
4874
4869
4886
4883
4874
4886
4883
4885
4875
4867
4840
4884
4893
4892
4896
4896
4897
4907
4901
4900
4909
4901
4902
4899
4911
4914
3480
4902
4923
4913
4923
4917
4924
4939
4915
4914
4914
4934
4921
4920
4934
4929
4919
4932
4935
4936
4929
4937
4916
4925
4931
4944
4946
4928
4941
4943
4942
4933
4944
3509
4945
3503
4954
4954
4964
4963
4953
4955
4956
4960
4958
4954
4968
4977
4970
4959
4961
4991
4962
4958
4976
4983
4979
4984
4980
4974
4992
4967
4969
4984
4986
4973
4971
4982
4988
4972
4986
4982
4996
4975
4981
4994
3713
4987
3722
4989
4978
4990
4997
4991
4985
4993
4995
