1
0
0
3561
0
3
22
10
11
12
13
15
16
17
18
19
20
0
7
11
24
0
26
27
16
7
45
3674
30
31
32
35
25
37
0
39
34
41
50
42
43
56
44
33
67
40
36
47
59
0
64
51
52
55
59
54
53
60
0
61
63
0
0
68
69
57
73
74
83
0
77
78
72
75
72
66
76
0
71
85
110
88
87
85
89
91
92
93
95
90
97
98
100
99
100
101
103
102
0
105
94
107
108
99
132
103
0
113
3699
113
0
0
116
117
124
118
119
120
107
121
122
123
106
112
126
116
128
129
130
131
111
151
134
135
136
112
138
139
140
141
142
143
144
111
149
164
150
152
153
154
155
153
157
158
159
160
161
147
162
163
165
173
167
168
169
170
172
173
165
175
171
176
177
178
179
180
181
182
183
185
186
187
188
189
190
191
192
193
195
196
197
198
199
235
200
3752
201
215
202
203
204
205
206
0
208
210
211
212
214
213
215
216
217
218
219
220
221
222
223
0
226
276
228
229
230
231
232
233
234
236
237
239
240
184
238
242
243
244
245
246
247
248
249
297
251
258
252
253
254
255
256
257
259
261
290
260
263
264
262
0
245
268
269
270
271
272
207
294
274
275
277
278
279
281
280
283
284
0
286
287
288
289
285
291
292
265
293
295
296
297
0
298
300
301
303
304
305
306
307
308
309
294
311
312
313
314
315
316
317
319
320
0
321
322
323
321
325
326
327
328
329
302
331
302
332
333
334
318
335
337
339
340
341
342
343
344
346
347
348
349
350
351
352
353
354
355
356
357
358
359
360
363
361
362
364
391
0
378
365
366
368
368
369
371
372
373
374
375
345
305
379
380
381
370
382
398
383
384
385
386
387
388
389
406
393
392
0
394
395
396
399
400
401
403
404
405
407
428
0
408
409
397
398
402
410
411
412
413
414
417
418
419
420
421
422
424
425
426
427
428
429
416
415
431
432
433
434
436
437
438
440
441
442
442
444
446
439
0
448
449
450
451
452
484
484
454
445
462
455
456
457
458
459
460
439
463
448
466
467
468
469
471
474
473
476
475
477
478
479
480
481
482
483
486
488
489
447
490
491
470
494
493
532
495
496
497
499
498
500
513
502
503
504
505
508
506
507
508
509
510
511
0
513
517
518
519
540
487
485
522
488
524
525
526
527
528
529
530
531
0
534
559
535
536
537
538
539
541
512
542
543
514
514
544
545
546
547
515
548
521
521
574
550
551
552
553
554
555
556
557
558
560
561
563
0
539
566
512
569
570
0
523
571
0
0
593
575
576
577
578
579
580
581
582
602
583
584
585
0
587
588
590
591
636
592
573
639
0
0
595
595
597
598
599
601
604
586
609
606
608
589
592
585
608
613
614
0
0
0
620
681
622
623
674
624
625
626
627
628
629
631
632
633
0
656
604
635
591
0
637
608
0
618
640
641
642
644
640
620
716
647
648
649
651
652
653
654
655
657
659
660
619
663
618
665
667
630
668
669
670
659
695
695
673
599
656
677
678
701
679
680
676
664
681
682
683
615
699
686
0
685
666
714
686
650
722
689
690
724
603
691
654
693
696
728
697
734
737
696
697
656
698
665
702
661
703
742
704
707
708
705
0
711
688
712
714
716
0
648
707
704
725
726
732
728
692
730
731
733
731
739
774
741
776
743
0
709
745
712
747
742
783
814
783
748
748
783
761
751
752
753
754
755
756
758
759
761
762
763
794
764
765
766
767
728
770
769
736
0
738
773
736
775
0
835
778
744
781
785
786
787
788
789
790
791
792
0
795
795
796
797
798
799
800
801
692
803
854
804
805
806
807
0
829
808
809
807
811
812
815
717
0
718
749
819
820
800
793
793
888
852
822
823
824
893
825
822
0
828
829
825
832
833
834
835
836
838
839
840
841
742
718
842
0
879
845
904
879
846
847
848
849
850
851
853
855
856
857
827
858
900
860
837
865
865
867
868
863
815
977
843
873
869
874
864
864
876
877
878
880
881
882
883
848
886
887
852
852
926
889
890
891
892
894
966
896
897
898
899
901
974
0
859
903
843
871
874
907
908
909
998
911
912
881
914
915
916
915
917
918
919
0
0
793
920
885
922
923
946
922
926
915
928
929
930
931
0
1007
0
924
937
936
937
0
938
928
928
941
942
943
933
945
946
953
924
954
948
949
949
950
951
952
953
924
954
1159
955
956
1052
957
950
1044
960
0
961
963
964
0
1048
967
968
970
971
972
973
975
976
978
0
979
980
981
982
983
905
985
988
917
990
991
992
904
904
995
998
999
1000
1001
1002
1003
1004
1005
1006
1007
1008
1009
923
978
1012
1013
0
1014
1006
1121
1016
1017
1018
1019
1020
1021
0
1022
0
0
1024
0
1025
949
1027
1028
1150
1029
1030
1031
1030
1136
1145
1033
1032
949
1035
1036
1038
1048
1030
1041
1042
1043
1053
1046
1029
1047
962
0
1051
969
1170
965
0
1056
1048
4023
1168
1315
1057
1058
4021
1060
1061
4052
1062
1063
1064
1065
1066
1063
0
0
0
1073
0
1075
1076
1321
1077
1078
1079
1077
1082
995
1085
977
986
1209
1089
0
1091
1325
1094
1095
1097
1193
1194
0
0
1100
1101
1102
1103
1104
1105
992
1106
1107
1108
1109
1111
1220
1114
0
1115
1116
1117
1119
0
1120
1130
1122
1123
1124
1126
1127
1128
1096
1133
0
1135
1136
0
1131
1134
1138
1140
1142
1143
1134
1145
1146
1147
1148
1149
1151
1152
1153
1154
1155
1150
1134
1159
1160
1161
1162
972
1163
1164
4048
1156
0
1053
1050
1168
1071
0
0
1173
1188
1176
972
1177
1178
1179
1180
1181
1182
1182
1185
1075
1175
1187
1189
1190
1191
1093
0
1197
1198
1199
995
1202
1203
1204
1206
1109
1209
997
1211
1213
1214
1215
1216
1217
1125
1139
1221
1222
1132
1223
1225
1226
1227
1228
1229
1230
1150
1301
1233
1134
1234
1147
1446
1236
1153
1237
1238
1239
1240
1241
1158
1243
1165
1172
1247
1248
1245
1249
1250
1325
1252
1186
1254
1255
1181
1258
1259
1260
1261
1263
1264
1265
1266
1268
1247
1269
1270
1271
1272
1207
1274
1207
1276
1201
1208
1279
1345
1281
1282
1219
1283
1284
1285
1286
1287
1288
1289
1290
1291
1292
1369
4115
1363
1294
1283
1371
1297
1298
1235
1305
1151
1240
1304
1306
1158
1308
1309
1310
1311
1312
0
1307
1315
1316
1245
1256
1318
1319
1320
1322
1323
1324
0
1327
1178
1184
1330
1181
1332
0
0
1198
1336
1338
1410
1339
1339
1276
1342
1277
0
1345
1346
1347
1348
1349
1283
1351
1352
1353
1354
1355
1356
1289
1358
1359
1360
1361
1362
1364
1295
1365
1366
1367
1368
1370
1441
1372
1373
1375
0
1378
1379
1380
1446
1382
1453
1383
1384
1385
1386
1387
1388
0
1391
1392
1393
1394
1332
1396
1397
1398
1399
1342
1342
1465
1472
1404
1344
1405
1457
1406
1408
1475
1409
0
1339
1413
1414
1415
1473
1417
1418
1419
1420
1339
1422
1425
0
1488
1508
1429
1430
1502
1431
1427
1432
1433
1382
1436
1437
1438
1439
0
0
1380
1442
1443
1309
1522
1445
1526
1447
1448
1449
1381
0
4087
1455
4165
1539
1525
1456
1458
1459
1390
1393
1394
1463
0
1332
1335
1468
1342
1342
1471
1545
1474
0
1416
1476
1463
1479
1480
1481
1411
1483
1413
1485
1486
1490
1491
1492
1354
1494
1492
1497
1423
1500
1501
1418
1504
1505
1506
1507
1426
1511
1512
0
1508
1515
0
1433
1432
1518
0
0
1443
1374
1523
1524
1450
1530
1531
1389
1532
1454
1534
1535
1585
1537
1538
1525
1539
1542
1543
1544
1545
0
1509
1540
0
1548
1549
1550
1551
1342
1553
1555
1557
0
1559
1478
1561
1562
1563
1492
1495
1566
1498
1612
1569
1570
1571
1572
1478
1575
1577
1578
1514
1579
1580
1586
1581
1582
0
1584
1588
1587
1643
1649
1585
1589
1590
1591
1592
1535
1552
1553
1712
1472
1597
1596
1597
1598
1599
0
1600
1600
1596
1602
1560
1603
1604
1605
1606
1607
1609
1717
1613
1578
1615
1616
1617
1618
1619
1620
1621
1622
1623
1576
1625
1626
1627
1628
1629
1630
1632
1633
1635
1636
1586
1640
1641
1642
1643
1644
1645
1646
1647
1582
0
1650
1651
1652
1653
1589
1654
1655
1656
1407
1658
1551
1660
1661
1600
1552
1704
1667
1666
1668
1669
1670
1671
1600
1673
1674
1675
1678
1683
1566
1497
1679
1574
1681
1682
1629
1685
1680
1687
1689
1690
1691
1692
1693
1653
1656
1697
1698
1658
1700
1700
1702
1702
1660
1682
1707
1730
1709
1673
1552
1713
1714
1715
1718
1719
1720
1721
1722
1723
1724
1725
1811
1726
1658
1707
1728
1704
1731
1731
1728
1738
1739
1721
1741
1674
1743
1675
1746
1747
1748
1749
1750
1752
1752
1785
1754
1754
1756
1794
1707
1759
1760
1761
1762
1728
1673
1801
1767
1790
1714
1769
1744
1771
1719
1769
1774
1776
1779
1777
1776
1782
1783
1749
1785
1786
1791
1754
1791
1731
1794
1795
1728
1737
1798
1828
1800
1802
1803
1805
1769
0
1810
1812
1813
1813
1815
1816
1817
1818
1819
1821
1822
1823
1824
1825
1798
1798
1800
1832
1833
1834
1836
1838
1848
1839
1840
1800
1804
1842
1843
1844
1845
1846
0
1849
1850
1853
1851
1854
1829
1854
1855
1847
0
1858
1857
1860
1868
1861
1862
1863
1864
1865
1866
1867
1889
1869
1870
1871
1872
1873
1874
1875
1876
1877
1878
1879
1880
1881
1882
1883
1884
1885
1886
1887
1888
1890
1891
1892
1893
1894
1895
1896
1897
1898
1899
1900
1901
1902
1903
1904
1905
1906
1907
1908
1909
1910
1911
1912
1913
1914
1915
1916
1917
1918
1919
1920
1921
1922
1923
1924
1925
1926
1927
1928
1929
1930
1931
1932
1933
1934
1935
1936
1937
1938
1939
1940
1941
1942
1943
1944
1945
1946
1947
1948
1949
1950
1951
1952
1953
1954
1955
1956
1957
1958
1959
1960
1961
1962
1963
1964
1965
1966
1967
1968
1969
1970
1971
1972
1973
1974
1975
1976
1977
1978
1979
1980
1981
1982
1983
1984
1985
1986
1987
1988
1989
1990
1991
1992
1993
1994
1995
1996
1997
1998
1999
2000
2001
2002
2004
2005
2006
2007
2008
2009
2010
2011
2012
2013
2014
2015
2016
2017
2018
2019
2020
2004
2022
2023
2024
2025
2026
2027
2028
2029
2030
2031
2032
2032
2034
2013
2036
2037
2038
2039
2040
2041
2042
2043
2044
2045
2046
2041
2041
2049
2050
2051
2052
2053
2054
2055
2056
2057
2058
2059
2058
2061
2062
2063
2064
2065
2066
2067
2068
2069
2070
2071
2072
2073
2074
2075
2076
2077
2078
2079
2080
2081
2082
2083
2084
2085
2086
2087
2088
2089
2090
2091
2092
2092
2094
2095
2096
2097
2098
2099
2100
2101
2102
2103
2104
2105
2106
2107
2108
2109
2110
2111
2112
2113
2114
2115
2116
2117
2118
2120
2121
2122
2123
2124
2125
2126
2127
2128
2129
2130
2131
2132
2133
2134
2117
2136
2137
2138
2139
2140
2127
2142
0
2145
2112
2147
2148
2149
2150
2151
2152
2153
2144
2154
2155
2156
2157
2158
0
2159
2160
2161
2162
2146
2163
2164
2166
2167
2168
2169
2185
2170
2172
2173
2174
2169
2175
2177
2178
2179
2180
2181
2167
2183
2184
2174
2186
2187
2188
2189
2190
2191
2192
2192
2194
2195
2196
2197
2198
2199
2200
2201
2202
2203
2204
2205
2206
2207
2208
2209
2210
2211
2212
2213
0
0
2214
2215
2216
2217
2218
2219
2220
2221
2222
2224
2225
2226
2227
2228
2230
2231
2232
2216
2234
2229
2235
2236
2237
2238
2239
2240
2241
2242
2243
2244
2245
2246
2247
2248
2249
2250
2251
2252
2253
2254
2255
2256
2257
2258
4197
2260
2261
2262
2263
2264
2265
2266
2267
2268
2270
2271
2283
2272
2273
2274
2275
2276
2277
2278
2279
2280
2281
2282
2310
2284
2285
2286
2315
2288
2288
2290
2291
2269
2293
2294
2296
2294
2298
2302
2303
2301
2305
2306
2307
2308
2309
2299
2311
2312
2313
2304
0
2317
2318
2308
2320
2316
2322
2359
2323
2324
2325
2327
2344
0
2329
0
2331
0
2353
2333
2292
2292
2335
2360
2295
2363
2360
2339
2327
2341
2342
2343
0
0
2328
0
2347
2349
2353
2317
2388
2350
2331
2320
2352
2354
2355
2354
2358
2362
2314
2363
2364
0
2365
2365
2367
2368
2370
2371
2372
2373
2339
2384
2375
2377
2369
2378
2380
2432
2382
0
2383
2349
2418
2390
2361
2426
2393
2360
2396
2376
0
2399
2400
2401
2402
2403
2404
2405
2406
2410
2377
2411
2413
2414
2415
2445
2413
2448
2417
2350
2420
2421
2424
2423
0
2463
2425
2426
2427
2428
2429
2542
2431
2433
2514
0
2434
2408
2409
2410
0
2438
2379
2386
2440
2442
2443
2414
2446
2447
2458
2447
2417
2449
0
2454
2455
2456
2491
2486
0
2457
2492
0
2508
2459
2389
2460
2462
2463
2496
2465
2466
2467
2468
2469
2470
2471
0
2403
2474
2475
2476
2477
2478
2441
2480
2481
2482
2483
2485
2487
2422
2488
2484
2489
2492
2493
0
2419
2490
2494
2505
2499
2500
2501
2535
2504
2506
2521
2521
2509
2510
0
0
0
2541
2433
2472
2515
2437
2517
2518
2519
2520
0
2472
2486
0
2523
2524
2525
2482
2483
2527
2529
2530
2531
2532
2533
2534
2535
2536
0
2562
2539
2541
2540
2543
2544
2544
2538
2556
2545
2576
2546
2547
2581
2555
2510
2551
0
2552
2511
2554
0
2589
0
0
2558
2559
2560
2530
2534
2564
2565
2566
2567
2567
2568
2569
2570
0
2572
2573
2608
2575
2538
2577
2551
2578
2516
2655
2583
2584
0
2586
2590
2548
2587
2588
4254
0
2594
2591
2592
2592
0
2594
2626
2595
2598
2599
2600
2571
2562
2603
2604
2604
2606
2607
0
2608
2655
2611
2612
2613
2614
2582
2615
2610
2586
2617
2618
0
2616
2662
2621
0
2596
2594
2623
2628
2592
2619
0
2632
2633
2634
2635
2636
2631
2666
2638
2639
2670
2641
2642
2647
2646
2648
2649
2685
2653
2654
2656
2657
2686
2617
2659
2660
2663
2664
2601
2669
2672
2673
2699
0
2674
2708
2676
2677
2703
2679
2680
2681
2715
2683
2684
2686
2688
2689
2691
2806
2624
2740
2666
2667
2694
2695
2696
2665
2698
2668
2619
2700
2701
2705
2636
2707
2709
2705
2711
2680
0
2759
0
2764
2716
2717
2718
2719
2720
2721
2722
2768
2724
2725
2738
2727
2727
2729
2730
2731
2732
2733
2734
2735
2645
2668
2741
2742
0
2743
0
0
2746
2748
2750
2754
2715
2756
2757
2758
2760
2761
2762
2763
0
2690
0
2768
2769
2770
2800
2729
2766
2694
2849
2773
2774
2775
2776
2780
2736
2777
2778
2779
2853
2742
0
2784
2785
2786
0
2787
2710
2789
2790
2792
2878
2759
2756
2822
2794
2795
2796
2835
2797
2799
2801
2767
2804
2805
0
2807
0
2809
2810
2811
2812
2811
2811
2813
2814
2815
2816
2817
2788
2819
2820
2821
2823
2793
0
2827
2761
2830
2831
2875
2833
2834
2836
2798
2799
2841
2838
2839
0
2836
2840
2884
2843
2844
2845
2846
2851
2848
2850
0
2774
2808
2855
2856
2817
2858
2762
2860
2825
2862
2871
2863
0
2864
2845
2867
2868
2868
2870
2876
2872
2792
2874
2877
2924
2878
2879
2880
2881
2882
2765
2884
2885
2887
2854
2888
0
2890
2891
2962
2893
2808
2895
2896
2936
2897
2808
2899
2900
2901
2903
2904
0
2946
2906
2908
2993
2910
2910
2911
2952
2909
2913
2914
2915
2959
2955
0
2916
0
2918
2919
2920
2847
2875
2886
2925
2974
2927
2928
2935
2975
2932
2900
2940
2894
2937
2938
2939
2995
2941
2942
2902
2943
0
2907
3061
2946
2908
2911
2949
2863
4288
2951
2952
2953
2955
2956
2957
2966
2960
2961
2964
2965
2967
2968
2969
2970
3018
2973
0
2934
3029
3025
2978
3104
2929
2940
2981
2982
2974
2984
2986
2987
2995
3053
2990
3046
2909
2993
3051
2994
2913
3067
3061
2998
3000
3001
2908
0
0
3002
3003
3004
3007
2917
3008
3010
3011
2973
3018
3015
0
3017
3089
3019
2951
3022
3024
3026
2976
3084
3027
3028
2972
3031
0
3035
0
3036
3037
3113
2974
2984
3040
0
3041
3044
3045
2992
3048
2935
3049
2988
3124
3042
3052
3055
3056
3058
3124
3060
3062
3128
3063
3064
3065
3066
3068
3134
3069
0
3062
3151
3080
3082
2951
3076
3077
3014
3079
3081
3082
3227
3087
3090
3020
3091
3023
0
3095
3096
0
0
3245
3101
3103
3100
3102
3113
3106
3046
3039
3107
3107
3036
3110
3182
3100
3093
3046
3030
3114
3032
3117
3111
3118
3119
3116
3124
3043
3127
3056
3063
3202
3130
3132
3206
0
3075
3213
3136
3137
3068
3141
3142
3145
3146
3147
3204
3210
3149
3157
3005
3164
3152
3144
3154
3155
3013
3351
3160
3161
3163
3033
0
3173
3098
3169
0
3245
0
3172
3241
3182
3103
3240
3178
3171
3180
3181
3184
3258
4415
3027
3186
3179
3187
3188
3189
3191
3043
3256
3316
3318
3118
0
3179
3220
3139
3257
3197
3199
3133
0
3131
3201
3206
0
0
3211
3214
3215
3216
3219
0
3222
3226
3155
3345
3228
3296
3144
3224
3164
3155
3156
3232
3301
3238
3234
3235
3150
3163
3164
3103
3235
3170
3243
0
3252
3114
3261
3174
3184
3265
0
0
3200
3256
3257
3250
3193
3260
3262
3262
3263
3264
0
3133
3267
0
3268
3186
3270
0
3272
3243
3288
3288
3210
3275
0
3221
3363
0
3277
3279
3280
3281
3287
3212
0
3285
3286
3206
3290
3226
3292
3238
3295
3235
0
3341
3300
0
3234
3304
4552
3200
3241
3307
3309
3309
3306
3309
3317
3251
3184
0
3269
3311
3313
3199
3250
3322
3268
3360
3319
0
3321
3218
3274
3208
3323
3321
3268
3326
3327
3328
3329
3330
3281
3332
3334
3335
3278
3324
0
3274
3377
3282
3338
3283
3285
3325
3341
3342
3344
3345
3346
3300
3348
3349
3350
3407
3356
3354
3304
0
3356
3358
3413
3359
3361
3361
3199
3412
3365
0
3359
3367
3361
3329
0
3332
3334
3371
3317
3372
3329
3371
3375
3376
0
3378
3380
3381
3380
3382
0
3383
3385
3384
3385
3388
3389
0
3293
3426
3391
3392
3341
3344
3344
3290
3343
0
3397
3398
3391
3400
3401
3401
3405
3405
3406
0
0
3429
0
3412
3412
3409
3358
3416
3417
0
3358
3419
3438
0
3380
3376
3424
3425
4580
3396
3425
3428
3430
0
3430
3352
3402
3414
3411
3374
3385
3437
4703
3438
3440
3382
3442
3443
3440
3443
3446
3447
0
3449
3449
3471
3414
3434
3436
3474
3437
3451
3437
3454
3455
3456
3457
3458
3457
3460
3461
3462
3463
3464
3466
3467
3468
3470
3469
3470
3473
3472
3472
3476
0
3480
3481
3482
3483
3484
3485
3485
3479
4702
3487
3486
3488
3489
3510
3462
3491
3492
3493
3494
3494
3498
3496
3497
3499
3483
3501
0
3502
0
3504
3505
3506
0
3508
3478
3518
3486
3512
3510
0
3511
3512
3514
3515
3505
3517
3518
3519
3486
3519
0
3521
3522
3524
3525
3526
3514
3530
3529
3531
3532
3521
3526
3535
3537
3530
4909
3539
3540
3545
3550
3549
3544
3538
3553
0
3551
3556
3546
0
3555
0
3563
3560
3578
3555
2
3558
3565
3555
3601
3567
3569
0
3571
3572
3590
3575
0
3579
0
3577
3580
4940
3588
0
3573
3568
3588
3589
3586
3579
3585
29
3598
3599
3600
3570
3606
0
3594
29
0
0
3605
3610
3628
3613
3596
0
0
3603
3592
3607
3603
3597
3592
3610
3605
3628
0
3621
3651
3622
3614
3636
3634
3623
3651
3626
3612
3629
3635
3632
0
0
3638
3640
3622
3644
3639
3655
3624
3666
0
3647
3658
3666
3648
3637
3695
3673
3647
3650
3653
3654
3667
3661
3645
0
3664
3652
3665
0
3665
3654
3668
3669
3659
0
3661
3663
0
3672
3652
3675
3664
3679
3698
3680
3681
49
3693
3694
3654
3663
3694
3676
3686
3689
3698
3681
3691
0
3702
0
0
3696
3717
3701
3692
3705
0
3702
4946
3706
3687
0
3707
3714
3708
3707
3711
3724
3713
0
3709
3715
3701
0
3716
3718
3720
0
0
3731
3717
3722
4954
3725
3726
3723
3728
3729
3719
3743
3715
0
0
3736
3738
0
3732
3733
0
3740
3741
3748
4971
3734
3739
3746
3747
3744
3739
3753
3745
0
3748
3756
0
209
3759
3760
0
3762
0
3754
3754
3756
3755
3766
3755
3765
3769
3771
3773
3784
3764
3759
3780
3777
3775
4988
3774
3776
3789
3779
3781
0
3782
3788
3783
3785
3775
3786
3784
3788
3792
3791
0
3790
3795
3803
3799
3795
3817
3797
3799
3800
3826
3802
3794
3796
3829
3831
3793
3859
3793
0
0
3796
3830
3823
3822
3828
3849
3837
0
3814
3801
3800
0
3821
0
3827
3849
3814
3813
3818
3875
3836
3862
3852
3851
3823
3828
3846
3812
3869
3833
3858
3859
3874
3850
3890
3845
3828
3881
0
0
3857
3886
0
0
0
3846
3867
3969
0
3840
0
3899
0
3857
0
3885
3858
3820
3860
3875
3983
3843
3880
3834
3894
3918
3869
3918
3883
3920
3888
3889
3905
3861
3877
3878
3890
3892
3912
3918
3899
3869
3900
3923
3833
3903
3887
0
3872
3906
3891
3855
4010
3911
3916
3898
3911
3892
3915
3930
3917
3921
3936
3927
3976
3905
3864
3925
3926
3927
3916
3917
3951
3932
3920
3918
0
3957
3935
3936
3994
3924
3906
3861
3928
3941
0
3928
3898
3945
3943
3948
3863
3950
3970
3950
3975
3953
3871
3871
3958
0
3960
3878
3964
3942
3854
0
3916
3968
3990
3841
3946
0
3936
0
0
3977
3963
3961
3987
0
3986
0
3988
3989
4015
3992
3992
3978
4000
3990
3996
3906
3938
3999
4005
3942
3999
3942
4008
0
3908
4027
3982
3946
4002
4011
0
3997
0
0
0
4006
4039
4006
4023
4021
4022
4059
3982
3898
4043
3989
0
4015
4033
0
3955
4047
4035
4018
4021
0
4016
4067
0
0
4096
4081
4030
4042
3987
4045
3989
4015
4048
4037
4049
4060
3985
4022
4060
3993
3996
4054
0
3996
0
4092
4056
4070
4053
4052
4053
0
3993
4096
4066
4057
4074
4114
4025
3985
4082
4046
4063
0
4090
4094
4032
4069
4082
0
0
4085
4091
4077
4066
4075
4067
4072
4102
4102
0
4121
4094
4104
4089
0
4111
1243
0
4097
4098
4097
0
0
4092
4105
4141
4099
0
4162
4113
0
4093
4106
4159
4080
4075
0
4097
4142
4131
4159
4079
0
4137
4109
4156
4120
4129
4137
4151
0
4116
4108
4119
4124
0
4130
4122
4154
4157
4098
4166
4168
4164
4148
4143
4127
4126
4152
4103
4169
4151
4155
4154
0
4101
4162
0
4161
4100
1404
0
4169
1527
4139
4145
4141
4118
4165
0
4157
4173
0
4172
4171
4172
4175
4176
4177
4178
4180
4181
4184
2119
4183
2223
4179
4184
0
4186
0
0
0
4190
4179
0
4188
4197
4182
4182
4193
4204
4196
4206
4200
4189
4205
4202
0
4209
4201
4213
4207
4212
4217
4215
0
4226
4219
4216
4225
4214
0
0
0
4227
4220
4219
4232
4216
4251
4231
0
4235
4230
0
0
4229
0
4237
0
4241
0
0
4250
0
4244
4233
0
2407
4243
4251
4249
4247
0
4250
0
0
4248
4246
4248
2580
0
4289
4258
0
4262
4262
4265
4259
4274
4263
0
4259
0
4270
4274
4260
4280
4258
4266
4269
4267
4279
0
4286
4271
4296
4260
0
0
4260
0
0
0
2889
2933
0
4278
4280
4268
4295
4275
4292
4301
4291
4279
4282
4294
4294
4283
4315
4354
0
4333
4336
4323
4298
4319
4341
4312
4348
4293
4265
4327
4393
4272
4304
4295
4287
4332
4318
4285
0
4381
4347
4290
0
2919
4314
4321
4326
4473
4317
0
4306
4330
0
4405
4328
0
4335
0
4338
3105
3025
4300
4378
4346
0
4348
4349
4286
4329
4330
4338
4352
4582
0
4374
4364
4376
0
4362
4467
4290
0
4368
4307
0
0
4381
0
4348
4428
4384
4356
4326
4359
4332
4432
4377
4309
0
4313
4347
4371
0
4370
0
3202
4356
4427
0
4388
0
4406
4380
4380
4406
4391
3156
4392
4423
4325
4383
4369
0
4325
4424
4430
4372
0
4398
4372
4404
4489
4400
4410
4408
4322
4375
4444
4378
4418
4468
4467
0
4505
4389
4361
4345
4448
4372
0
4400
4479
4454
4431
4529
4386
4406
4433
4416
4459
4549
4375
4366
0
4441
0
4406
4476
0
4477
4582
0
0
4449
4491
0
4451
4504
4487
4473
4454
4454
4454
4404
4490
0
4455
4372
4551
0
4459
4501
4531
0
0
0
4461
4466
0
4503
4413
4466
4414
4414
0
4422
4422
4479
4444
4392
3272
4487
4454
4527
0
0
4482
4502
0
4491
4485
4435
4460
4465
4539
0
4499
4401
4434
0
4466
4534
4509
0
0
0
0
4534
0
4441
4563
0
4500
4516
4540
4485
4525
0
0
4547
4520
4486
4523
4524
0
4388
4457
4518
4388
4619
4564
4571
0
0
4552
4553
0
4604
4533
0
4514
0
4543
4541
4512
4544
4484
4562
4546
4591
4357
4596
0
4604
4553
0
0
4554
4555
4601
4548
4514
4537
4447
0
4443
4542
4560
4561
4637
4563
0
4564
4486
4588
4568
4689
4496
4498
4578
4555
4470
4603
4638
4446
0
4661
4659
4517
0
4560
4587
4544
4564
4592
0
4497
0
4599
0
4572
4680
4741
4601
3410
4601
4553
4618
0
4607
4611
0
4663
4588
4568
4714
0
4643
4716
4617
4530
4550
4622
4621
4570
4598
0
4723
4445
4577
4586
0
4608
4686
4524
4639
4519
4594
4638
4644
4530
4645
4632
4570
4681
4648
4694
4672
4650
4674
4620
4591
4574
0
0
4738
4690
4635
4607
4557
4631
0
4632
4519
4693
4697
4668
0
4697
4750
4674
0
4649
4676
4785
0
4581
4667
4635
4707
4661
0
4614
4642
0
4638
4723
4695
0
4650
0
4652
0
0
4597
4622
4698
4655
4694
0
0
4636
4711
4746
4605
0
4850
0
4725
4727
4842
4715
4697
4620
4771
4733
4462
4674
4737
4755
4739
4656
0
4853
3448
0
4763
4716
4746
4714
4717
4721
4642
4719
4688
4643
0
4587
4814
4781
4750
0
4754
4776
4628
4755
4877
4659
4785
4797
4746
4714
0
4708
4831
0
4642
4792
4666
4715
0
4726
4729
4676
4753
4774
4755
4697
4811
0
4813
3431
0
0
0
4736
4742
4846
4702
4838
4824
4786
4635
4727
0
4786
4743
4771
4790
4821
0
4686
4794
4828
4760
4766
4722
4831
4801
0
4715
4748
4765
4816
4810
4815
4818
4779
4879
4892
4788
0
4846
4845
4702
4814
4788
4808
4793
4793
4786
4828
4874
0
4873
0
4833
4855
4858
0
4863
4835
4840
4836
4864
4837
4859
4884
4851
4770
4733
4858
0
4846
4860
4846
4825
4849
4853
4822
4827
0
4722
4707
4884
4860
4837
4718
0
0
4718
4858
4863
4872
4890
4882
4843
4866
4874
4821
4869
4804
4838
0
4884
0
4751
0
4897
0
4857
4864
0
4869
4882
4854
0
0
4896
4895
4857
0
4854
0
4865
4780
4870
4870
4889
4833
4888
4894
4898
0
4898
4901
4907
4902
4908
4904
4905
4913
4905
4911
0
4927
0
0
4912
4917
0
0
4917
3545
4922
0
4918
4932
4920
4920
3544
0
4928
4929
4926
4926
4932
4918
0
4923
4934
4937
0
4932
4931
0
4933
3574
3581
0
4939
3580
0
3568
3562
3566
4944
4944
4946
0
4949
0
3735
4956
4951
0
4953
3725
4969
4953
4970
4962
4963
0
0
4962
4950
4976
4952
4972
4965
4955
4967
4952
4979
4967
4970
4989
4971
4985
4972
4966
3750
4977
4979
0
4983
4978
4972
4985
4993
3767
3767
4998
3763
4984
4988
4990
4984
4991
0
4988
3776
4998
4998
0
4999
4997
4987
